,school_id,short_name,long_name,primary_category,is_high_school,is_middle_school,is_elementary_school,is_pre_school,school_latitude,school_longitude,n_y1,n_low_income_y1,n_special_y1,n_english_learn_y1,n_hispanic_y1,n_y2,n_low_income_y2,n_special_y2,n_english_learn_y2,n_hispanic_y2,community_name,n_non_english_learn_y1,n_non_english_learn_y2,d_total,d_low_income,d_english_learn,d_non_english_learn,d_hispanic,pct_total,pct_low_income,pct_english_learn,pct_non_english_learn,pct_hispanic
0,610176,SHOOP,John D Shoop Math-Science Technical Academy ES,ES,False,True,True,True,41.690919,-87.658669,391,311,72,1,8,414,317,80,1,8,MORGAN PARK,390,413,23,6,0,23,0,5.882352941176471,1.9292604501607717,0.0,5.897435897435898,0.0
1,400180,KIPP - ONE,KIPP One Academy,ES,False,True,True,False,41.893805,-87.726615,990,804,99,210,378,1028,853,100,247,402,HUMBOLDT PARK,780,781,38,49,37,1,24,3.8383838383838382,6.0945273631840795,17.61904761904762,0.1282051282051282,6.349206349206349
2,610009,GALILEO,Galileo Math & Science Scholastic Academy ES,ES,False,True,True,False,41.871255,-87.653366,535,251,79,74,305,531,251,90,87,295,NEAR WEST SIDE,461,444,-4,0,13,-17,-10,-0.7476635514018691,0.0,17.56756756756757,-3.6876355748373104,-3.278688524590164
3,610145,REINBERG,Peter A Reinberg Elementary School,ES,False,True,True,True,41.943019,-87.768983,745,502,187,329,568,774,495,180,347,586,PORTAGE PARK,416,427,29,-7,18,11,18,3.8926174496644297,-1.3944223107569722,5.47112462006079,2.644230769230769,3.1690140845070425
4,400119,LEGAL PREP HS,Legal Prep Charter Academy,HS,True,False,False,False,41.881733,-87.733778,242,213,47,1,5,217,183,43,1,3,WEST GARFIELD PARK,241,216,-25,-30,0,-25,-2,-10.330578512396695,-14.084507042253522,0.0,-10.37344398340249,-40.0
5,400176,EXCEL SOUTHWEST HS,Excel Academy Southwest,HS,True,True,False,False,41.765929,-87.69073,101,79,27,6,25,151,118,29,16,41,CHICAGO LAWN,95,135,50,39,10,40,16,49.504950495049506,49.36708860759494,166.66666666666666,42.10526315789474,64.0
6,609828,BURR,Jonathan Burr Elementary School,ES,False,True,True,False,41.912358,-87.668661,478,123,61,40,169,447,114,64,41,155,WEST TOWN,438,406,-31,-9,1,-32,-14,-6.485355648535565,-7.317073170731708,2.5,-7.30593607305936,-8.284023668639053
7,609807,HAMPTON,Lionel Hampton Fine & Performing Arts ES,ES,False,True,True,True,41.753457,-87.708731,464,373,79,137,241,436,365,76,146,238,ASHBURN,327,290,-28,-8,9,-37,-3,-6.0344827586206895,-2.1447721179624666,6.569343065693431,-11.314984709480122,-1.2448132780082988
8,609805,JOPLIN,Scott Joplin Elementary School,ES,False,True,True,True,41.749339,-87.669366,331,273,33,2,25,271,227,39,4,21,AUBURN GRESHAM,329,267,-60,-46,2,-62,-4,-18.12688821752266,-16.84981684981685,100.0,-18.84498480243161,-16.0
9,609910,FALCONER,Laughlin Falconer Elementary School,ES,False,False,True,True,41.935785,-87.749331,895,705,161,365,843,842,667,174,335,806,BELMONT CRAGIN,530,507,-53,-38,-30,-23,-37,-5.921787709497207,-5.390070921985815,-8.219178082191782,-4.339622641509434,-4.389086595492289
10,610325,AVONDALE-LOGANDALE,Avondale-Logandale Elementary School,ES,False,True,True,True,41.93397,-87.708041,513,411,80,222,457,490,405,89,213,423,AVONDALE,291,277,-23,-6,-9,-14,-34,-4.483430799220273,-1.4598540145985401,-4.054054054054054,-4.810996563573883,-7.439824945295404
11,610284,NEW FIELD,New Field Elementary School,ES,False,False,True,True,42.007703,-87.673168,523,320,92,213,222,568,302,106,247,258,ROGERS PARK,310,321,45,-18,34,11,36,8.604206500956023,-5.625,15.96244131455399,3.5483870967741935,16.216216216216218
12,610182,SOLOMON,Hannah G Solomon Elementary School,ES,False,True,True,True,41.993942,-87.724043,341,141,81,126,62,339,134,76,131,51,NORTH PARK,215,208,-2,-7,5,-7,-11,-0.5865102639296188,-4.964539007092198,3.9682539682539684,-3.255813953488372,-17.741935483870968
13,609974,HAWTHORNE,Hawthorne Elementary Scholastic Academy,ES,False,True,True,False,41.942275,-87.657709,604,96,47,44,127,619,83,46,39,131,LAKE VIEW,560,580,15,-13,-5,20,4,2.4834437086092715,-13.541666666666666,-11.363636363636363,3.5714285714285716,3.1496062992125986
14,610586,SADLOWSKI,Edward E. Sadlowski Elementary School,ES,False,True,True,True,41.704859,-87.527985,635,466,145,290,583,655,475,156,312,601,EAST SIDE,345,343,20,9,22,-2,18,3.1496062992125986,1.9313304721030042,7.586206896551724,-0.5797101449275363,3.0874785591766725
15,610263,DULLES,John Foster Dulles Elementary School,ES,False,True,True,True,41.7799,-87.617214,657,535,68,0,18,662,442,75,0,19,GREATER GRAND CROSSING,657,662,5,-93,0,5,1,0.76103500761035,-17.38317757009346,,0.76103500761035,5.555555555555555
16,610111,PALMER,John Palmer Elementary School,ES,False,True,True,True,41.973289,-87.739213,742,435,110,289,316,751,415,102,291,324,ALBANY PARK,453,460,9,-20,2,7,8,1.2129380053908356,-4.597701149425287,0.6920415224913494,1.5452538631346577,2.5316455696202533
17,610521,DAVIS M,Sir Miles Davis Magnet Elementary Academy,ES,False,True,True,True,41.771221,-87.66653,128,90,27,12,19,150,102,37,16,22,WEST ENGLEWOOD,116,134,22,12,4,18,3,17.1875,13.333333333333334,33.333333333333336,15.517241379310345,15.789473684210526
18,610024,CARDENAS,Lazaro Cardenas Elementary School,ES,False,True,True,True,41.848488,-87.716017,819,688,153,326,784,763,619,165,321,728,SOUTH LAWNDALE,493,442,-56,-69,-5,-51,-56,-6.837606837606837,-10.029069767441861,-1.5337423312883436,-10.344827586206897,-7.142857142857143
19,400023,CICS - AVALON/SOUTH SHORE,CICS - Avalon/South Shore,ES,False,True,True,False,41.743179,-87.587928,461,361,55,2,1,438,347,62,1,3,AVALON PARK,459,437,-23,-14,-1,-22,2,-4.989154013015185,-3.8781163434903045,-50.0,-4.793028322440088,200.0
20,609904,ELLINGTON,Edward K Ellington Elementary School,ES,False,True,True,True,41.88553,-87.766589,440,328,82,6,14,491,344,97,16,52,AUSTIN,434,475,51,16,10,41,38,11.590909090909092,4.878048780487805,166.66666666666666,9.44700460829493,271.42857142857144
21,610093,NEIL,Jane A Neil Elementary School,ES,False,True,True,True,41.738407,-87.620933,250,195,90,8,6,249,171,100,7,7,CHATHAM,242,242,-1,-24,-1,0,1,-0.4,-12.307692307692308,-12.5,0.0,16.666666666666668
22,609818,BURBANK,Luther Burbank Elementary School,ES,False,True,True,True,41.917598,-87.7827,706,562,135,374,648,699,560,143,395,652,BELMONT CRAGIN,332,304,-7,-2,21,-28,4,-0.9915014164305949,-0.35587188612099646,5.614973262032086,-8.433734939759036,0.6172839506172839
23,609920,KANOON,Gerald Delgado Kanoon Elementary Magnet School,ES,False,True,True,True,41.850771,-87.705112,418,356,53,212,414,367,304,42,201,362,SOUTH LAWNDALE,206,166,-51,-52,-11,-40,-52,-12.200956937799043,-14.606741573033707,-5.188679245283019,-19.41747572815534,-12.560386473429952
24,609938,GARY,Joseph E Gary Elementary School,ES,False,True,True,True,41.837065,-87.718697,768,680,144,383,759,713,635,148,388,705,SOUTH LAWNDALE,385,325,-55,-45,5,-60,-54,-7.161458333333333,-6.617647058823529,1.3054830287206267,-15.584415584415584,-7.1146245059288535
25,609693,WESTINGHOUSE HS,George Westinghouse College Prep,HS,True,False,False,False,41.889977,-87.707332,1194,919,91,57,500,1230,952,104,72,515,HUMBOLDT PARK,1137,1158,36,33,15,21,15,3.0150753768844223,3.5908596300326443,26.31578947368421,1.8469656992084433,3.0
26,610115,PARK MANOR,Park Manor Elementary School,ES,False,True,True,True,41.766477,-87.611546,258,194,38,1,4,251,213,44,2,5,GREATER GRAND CROSSING,257,249,-7,19,1,-8,1,-2.7131782945736433,9.793814432989691,100.0,-3.11284046692607,25.0
27,610135,PORTAGE PARK,Portage Park Elementary School,ES,False,True,True,True,41.956988,-87.761007,831,504,152,190,519,885,533,153,182,541,PORTAGE PARK,641,703,54,29,-8,62,22,6.498194945848375,5.753968253968254,-4.2105263157894735,9.67238689547582,4.238921001926783
28,609709,GAGE PARK HS,Gage Park High School,HS,True,False,False,False,41.791013,-87.688954,330,277,60,128,217,347,294,65,136,239,GAGE PARK,202,211,17,17,8,9,22,5.151515151515151,6.137184115523466,6.25,4.455445544554456,10.138248847926267
29,610123,PENN,William Penn Elementary School,ES,False,True,True,True,41.858372,-87.722386,220,168,48,9,14,220,162,52,8,14,NORTH LAWNDALE,211,212,0,-6,-1,1,0,0.0,-3.5714285714285716,-11.11111111111111,0.47393364928909953,0.0
30,610558,GOODE HS,Sarah E. Goode STEM Academy,HS,True,False,False,False,41.75375,-87.707345,961,828,162,179,644,953,820,164,194,645,ASHBURN,782,759,-8,-8,15,-23,1,-0.8324661810613944,-0.966183574879227,8.379888268156424,-2.9411764705882355,0.15527950310559005
31,609837,CARNEGIE,Andrew Carnegie Elementary School,ES,False,True,True,False,41.783368,-87.590795,437,323,74,3,8,403,305,57,4,6,WOODLAWN,434,399,-34,-18,1,-35,-2,-7.780320366132723,-5.572755417956657,33.333333333333336,-8.064516129032258,-25.0
32,400173,PATHWAYS - BRIGHTON PARK HS,Pathways in Education- Brighton Park,HS,True,False,False,False,41.808226,-87.702645,454,355,69,103,419,405,351,65,103,364,BRIGHTON PARK,351,302,-49,-4,0,-49,-55,-10.79295154185022,-1.1267605633802817,0.0,-13.96011396011396,-13.126491646778042
33,609929,FULTON,Robert Fulton Elementary School,ES,False,True,True,True,41.79758,-87.668436,301,251,60,135,206,327,252,47,156,242,NEW CITY,166,171,26,1,21,5,36,8.637873754152825,0.398406374501992,15.555555555555555,3.0120481927710845,17.475728155339805
34,610174,SHIELDS,James Shields Elementary School,ES,False,False,True,True,41.815909,-87.689647,469,360,66,213,456,481,377,90,192,464,BRIGHTON PARK,256,289,12,17,-21,33,8,2.55863539445629,4.722222222222222,-9.859154929577464,12.890625,1.7543859649122806
35,610057,FAIRFIELD,Fairfield Elementary Academy,ES,False,True,True,True,41.780904,-87.692115,485,422,63,274,387,470,393,65,280,394,CHICAGO LAWN,211,190,-15,-29,6,-21,7,-3.0927835051546393,-6.872037914691943,2.18978102189781,-9.95260663507109,1.8087855297157622
36,609744,NORTHSIDE LEARNING HS,Northside Learning Center High School,HS,True,False,False,False,41.982973,-87.722386,264,195,263,104,142,275,214,275,114,153,NORTH PARK,160,161,11,19,10,1,11,4.166666666666667,9.743589743589743,9.615384615384615,0.625,7.746478873239437
37,400051,NOBLE - NOBLE HS,Noble - Noble College Prep,HS,True,False,False,False,41.900191,-87.662628,652,513,98,134,527,670,512,85,161,524,WEST TOWN,518,509,18,-1,27,-9,-3,2.7607361963190185,-0.1949317738791423,20.149253731343283,-1.7374517374517375,-0.5692599620493358
38,610088,MOZART,Wolfgang A Mozart Elementary School,ES,False,True,True,True,41.92091,-87.721888,487,399,92,292,440,482,327,94,291,435,LOGAN SQUARE,195,191,-5,-72,-1,-4,-5,-1.0266940451745379,-18.045112781954888,-0.3424657534246575,-2.051282051282051,-1.1363636363636365
39,610101,OGDEN ES,William B Ogden Elementary School,ES,False,True,True,True,41.899976,-87.629297,860,372,94,122,112,895,357,99,175,173,NEAR NORTH SIDE,738,720,35,-15,53,-18,61,4.069767441860465,-4.032258064516129,43.442622950819676,-2.4390243902439024,54.464285714285715
40,610043,LOVETT,Joseph Lovett Elementary School,ES,False,True,True,True,41.912718,-87.783919,312,233,50,27,58,336,246,50,52,80,AUSTIN,285,284,24,13,25,-1,22,7.6923076923076925,5.579399141630901,92.5925925925926,-0.3508771929824561,37.93103448275862
41,610105,ORIOLE PARK,Oriole Park Elementary School,ES,False,True,True,True,41.978501,-87.812054,597,117,63,53,168,586,118,66,60,165,NORWOOD PARK,544,526,-11,1,7,-18,-3,-1.8425460636515913,0.8547008547008547,13.20754716981132,-3.3088235294117645,-1.7857142857142858
42,610221,WEBSTER,Daniel Webster Elementary School,ES,False,True,True,True,41.869916,-87.727524,207,144,34,0,1,206,145,35,0,1,WEST GARFIELD PARK,207,206,-1,1,0,-1,0,-0.4830917874396135,0.6944444444444444,,-0.4830917874396135,0.0
43,610097,NIXON,William P Nixon Elementary School,ES,False,False,True,True,41.919581,-87.73142,593,457,77,322,566,644,473,79,373,614,HERMOSA,271,271,51,16,51,0,48,8.600337268128161,3.50109409190372,15.838509316770187,0.0,8.480565371024735
44,610192,STOWE,Harriet Beecher Stowe Elementary School,ES,False,True,True,True,41.911938,-87.713318,562,449,93,277,492,507,395,106,237,442,HUMBOLDT PARK,285,270,-55,-54,-40,-15,-50,-9.786476868327401,-12.026726057906458,-14.440433212996389,-5.2631578947368425,-10.16260162601626
45,609782,AUDUBON,John J Audubon Elementary School,ES,False,True,True,True,41.945062,-87.681041,573,51,51,24,99,603,54,56,32,95,NORTH CENTER,549,571,30,3,8,22,-4,5.2356020942408374,5.882352941176471,33.333333333333336,4.007285974499089,-4.040404040404041
46,400085,ACERO - GARCIA HS,Acero Charter Schools - Major Hector P. Garcia MD,HS,True,False,False,False,41.809171,-87.730467,638,551,121,261,616,627,534,111,259,608,ARCHER HEIGHTS,377,368,-11,-17,-2,-9,-8,-1.7241379310344827,-3.0852994555353903,-0.7662835249042146,-2.387267904509284,-1.2987012987012987
47,610245,DOUGLASS HS,Frederick A Douglass Academy High School,HS,True,False,False,False,41.890369,-87.767668,33,30,11,0,1,35,32,8,0,1,AUSTIN,33,35,2,2,0,2,0,6.0606060606060606,6.666666666666667,,6.0606060606060606,0.0
48,609698,BOGAN HS,William J Bogan High School,HS,True,False,False,False,41.749376,-87.721097,637,508,158,119,262,570,450,144,121,259,ASHBURN,518,449,-67,-58,2,-69,-3,-10.518053375196232,-11.417322834645669,1.680672268907563,-13.32046332046332,-1.1450381679389312
49,400145,YCCS - YOUTH CONNECTION,YCCS-Youth Connection Leadership Acad HS,HS,True,False,False,False,41.832072,-87.626781,97,79,21,2,12,99,75,25,2,9,LOWER WEST SIDE,95,97,2,-4,0,2,-3,2.0618556701030926,-5.063291139240507,0.0,2.1052631578947367,-25.0
50,610180,SMYTH,John M Smyth Elementary School,ES,False,True,True,True,41.865351,-87.653445,396,276,66,7,17,369,302,70,5,18,NEAR WEST SIDE,389,364,-27,26,-2,-25,1,-6.818181818181818,9.420289855072463,-28.571428571428573,-6.426735218508997,5.882352941176471
51,610364,DUBOIS,William E B Dubois Elementary School,ES,False,True,True,True,41.653733,-87.61432,202,153,37,3,8,187,152,40,3,11,RIVERDALE,199,184,-15,-1,0,-15,3,-7.425742574257426,-0.6535947712418301,0.0,-7.5376884422110555,37.5
52,609952,GREENE,Nathanael Greene Elementary School,ES,False,False,True,True,41.829669,-87.671492,303,235,49,154,263,310,239,51,156,259,MCKINLEY PARK,149,154,7,4,2,5,-4,2.31023102310231,1.702127659574468,1.2987012987012987,3.3557046979865772,-1.520912547528517
53,609927,FOSTER PARK,Foster Park Elementary School,ES,False,True,True,True,41.738425,-87.668099,297,210,87,1,8,341,215,112,4,17,AUBURN GRESHAM,296,337,44,5,3,41,9,14.814814814814815,2.380952380952381,300.0,13.85135135135135,112.5
54,610593,OMBUDSMAN - ROSELAND HS,Ombudsman Chicago - Roseland,HS,True,False,False,False,41.695105,-87.642816,161,119,32,4,7,132,103,28,4,14,MORGAN PARK,157,128,-29,-16,0,-29,7,-18.012422360248447,-13.445378151260504,0.0,-18.471337579617835,100.0
55,610063,MCCORMICK,Cyrus H McCormick Elementary School,ES,False,False,True,True,41.842267,-87.7063,445,339,78,217,433,429,332,86,185,415,SOUTH LAWNDALE,228,244,-16,-7,-32,16,-18,-3.595505617977528,-2.0648967551622417,-14.746543778801843,7.017543859649122,-4.157043879907621
56,610095,NEWBERRY,Walter L Newberry Math & Science Academy ES,ES,False,True,True,True,41.913947,-87.64599,359,243,58,27,73,330,218,60,21,62,LINCOLN PARK,332,309,-29,-25,-6,-23,-11,-8.07799442896936,-10.2880658436214,-22.22222222222222,-6.927710843373494,-15.068493150684931
57,610281,POWELL,Adam Clayton Powell Paideia Community Academy ES,ES,False,True,True,True,41.760332,-87.556789,556,434,67,25,15,535,402,78,38,19,SOUTH SHORE,531,497,-21,-32,13,-34,4,-3.776978417266187,-7.373271889400922,52.0,-6.4030131826742,26.666666666666668
58,609804,MOSAIC,Mosaic School of Fine Arts,ES,False,True,True,True,42.003412,-87.697463,732,553,77,435,290,715,544,84,404,277,WEST RIDGE,297,311,-17,-9,-31,14,-13,-2.3224043715846996,-1.6274864376130198,-7.126436781609195,4.713804713804714,-4.482758620689655
59,609751,KING HS,Dr  Martin Luther King  Jr  College Prep HS,HS,True,False,False,False,41.813675,-87.603874,586,472,83,10,18,702,539,93,10,17,KENWOOD,576,692,116,67,0,116,-1,19.795221843003414,14.194915254237289,0.0,20.13888888888889,-5.555555555555555
60,609791,BASS,Perkins Bass Elementary School,ES,False,True,True,True,41.774246,-87.653532,348,291,46,9,13,289,238,39,5,10,ENGLEWOOD,339,284,-59,-53,-4,-55,-3,-16.95402298850575,-18.213058419243985,-44.44444444444444,-16.224188790560472,-23.076923076923077
61,400150,YCCS - CHATHAM,YCCS-Chatham AcademyHS,HS,True,False,False,False,41.730131,-87.60698,119,94,24,1,5,82,73,18,0,2,CHATHAM,118,82,-37,-21,-1,-36,-3,-31.092436974789916,-22.340425531914892,-100.0,-30.508474576271187,-60.0
62,610078,INTER-AMERICAN,Inter-American Elementary Magnet School,ES,False,True,True,True,41.949003,-87.651573,670,303,81,225,573,640,277,91,210,545,LAKE VIEW,445,430,-30,-26,-15,-15,-28,-4.477611940298507,-8.58085808580858,-6.666666666666667,-3.3707865168539324,-4.886561954624782
63,610179,SMYSER,Washington D Smyser Elementary School,ES,False,True,True,True,41.958868,-87.781975,751,444,92,184,493,753,423,96,181,476,PORTAGE PARK,567,572,2,-21,-3,5,-17,0.2663115845539281,-4.72972972972973,-1.6304347826086956,0.8818342151675485,-3.4482758620689653
64,610572,SAFE ACHIEVE ES,Safe Achieve Academy Elementary,ES,False,True,True,False,41.753117,-87.550513,3,3,2,0,0,2,2,0,0,1,SOUTH SHORE,3,2,-1,-1,0,-1,1,-33.333333333333336,-33.333333333333336,,-33.333333333333336,inf
65,610587,DYETT ARTS HS,Walter Henri Dyett High School for the Arts,HS,True,False,False,False,41.801204,-87.612239,523,378,89,2,9,492,392,95,4,8,WASHINGTON PARK,521,488,-31,14,2,-33,-1,-5.927342256214149,3.7037037037037037,100.0,-6.333973128598848,-11.11111111111111
66,400096,ROWE,Rowe Elementary Charter School,ES,False,True,True,False,41.907797,-87.664072,768,611,101,236,540,706,450,86,200,474,WEST TOWN,532,506,-62,-161,-36,-26,-66,-8.072916666666666,-26.350245499181668,-15.254237288135593,-4.887218045112782,-12.222222222222221
67,609933,GALE,Stephen F Gale Elementary Community Academy,ES,False,True,True,True,42.021091,-87.671939,229,173,68,63,49,303,170,69,72,91,ROGERS PARK,166,231,74,-3,9,65,42,32.314410480349345,-1.7341040462427746,14.285714285714286,39.1566265060241,85.71428571428571
68,610530,SOUTH SHORE ES,South Shore Fine Arts Academy,ES,False,True,True,True,41.767755,-87.590396,254,155,83,0,7,238,155,89,1,11,SOUTH SHORE,254,237,-16,0,1,-17,4,-6.299212598425197,0.0,inf,-6.692913385826771,57.142857142857146
69,610238,BOND,Carrie Jacobs Bond Elementary School,ES,False,True,True,True,41.765361,-87.653018,232,179,60,4,12,259,196,64,6,20,ENGLEWOOD,228,253,27,17,2,25,8,11.637931034482758,9.497206703910615,50.0,10.964912280701755,66.66666666666667
70,610127,PETERSON,Mary Gage Peterson Elementary School,ES,False,True,True,True,41.981557,-87.712583,838,459,104,314,295,898,421,110,306,335,NORTH PARK,524,592,60,-38,-8,68,40,7.159904534606206,-8.278867102396514,-2.5477707006369426,12.977099236641221,13.559322033898304
71,610084,KELLER,Annie Keller Regional Gifted Center,ES,False,True,True,False,41.69717,-87.697278,213,65,8,14,30,220,71,6,12,31,MOUNT GREENWOOD,199,208,7,6,-2,9,1,3.2863849765258215,9.23076923076923,-14.285714285714286,4.522613065326633,3.3333333333333335
72,610268,ASHE,Arthur R Ashe Elementary School,ES,False,True,True,True,41.740184,-87.601174,363,258,41,2,3,357,240,37,3,11,CHATHAM,361,354,-6,-18,1,-7,8,-1.6528925619834711,-6.976744186046512,50.0,-1.9390581717451523,266.6666666666667
73,609951,ARIEL,Ariel Elementary Community Academy,ES,False,True,True,True,41.811173,-87.597503,354,245,65,4,9,353,255,69,5,9,KENWOOD,350,348,-1,10,1,-2,0,-0.2824858757062147,4.081632653061225,25.0,-0.5714285714285714,0.0
74,610316,EARHART,Amelia Earhart Options for Knowledge ES,ES,False,True,True,False,41.726107,-87.582182,194,117,17,1,9,201,133,21,1,9,CALUMET HEIGHTS,193,200,7,16,0,7,0,3.6082474226804124,13.675213675213675,0.0,3.626943005181347,0.0
75,610345,WOODSON,Carter G Woodson South Elementary School,ES,False,True,True,True,41.814499,-87.608419,299,208,70,2,6,290,209,78,8,12,GRAND BOULEVARD,297,282,-9,1,6,-15,6,-3.0100334448160537,0.4807692307692308,300.0,-5.05050505050505,100.0
76,610129,PICKARD,Josiah Pickard Elementary School,ES,False,True,True,True,41.8529,-87.683291,291,246,61,123,269,294,214,61,117,275,LOWER WEST SIDE,168,177,3,-32,-6,9,6,1.0309278350515463,-13.008130081300813,-4.878048780487805,5.357142857142857,2.2304832713754648
77,400143,YCCS - WEST TOWN,YCCS-West Town Acad Alternative HS,HS,True,False,False,False,41.890803,-87.702053,70,58,24,4,19,75,49,18,2,13,HUMBOLDT PARK,66,73,5,-9,-2,7,-6,7.142857142857143,-15.517241379310345,-50.0,10.606060606060606,-31.57894736842105
78,610163,STOCK,Frederick Stock Elementary School,ES,False,False,False,True,42.016892,-87.814195,236,24,98,41,61,212,30,83,24,58,EDISON PARK,195,188,-24,6,-17,-7,-3,-10.169491525423728,25.0,-41.46341463414634,-3.58974358974359,-4.918032786885246
79,610185,STEVENSON,Adlai E Stevenson Elementary School,ES,False,True,True,True,41.747107,-87.731666,1125,836,224,496,1014,1157,855,234,513,1039,ASHBURN,629,644,32,19,17,15,25,2.8444444444444446,2.272727272727273,3.4274193548387095,2.384737678855326,2.465483234714004
80,609994,HIBBARD,William G Hibbard Elementary School,ES,False,False,True,True,41.970335,-87.710362,912,648,94,628,715,913,639,112,590,729,ALBANY PARK,284,323,1,-9,-38,39,14,0.10964912280701754,-1.3888888888888888,-6.050955414012739,13.732394366197184,1.9580419580419581
81,400129,YCCS - PROGRESSIVE LEADERSHIP,YCCS-Progressive Leadership Academy,HS,True,False,False,False,41.773962,-87.61574,130,104,31,1,4,98,72,22,2,4,GREATER GRAND CROSSING,129,96,-32,-32,1,-33,0,-24.615384615384617,-30.76923076923077,100.0,-25.58139534883721,0.0
82,609854,CHOPIN,Frederic Chopin Elementary School,ES,False,True,True,True,41.896713,-87.688937,286,226,68,89,166,301,242,74,101,158,WEST TOWN,197,200,15,16,12,3,-8,5.244755244755245,7.079646017699115,13.48314606741573,1.5228426395939085,-4.819277108433735
83,609797,BEIDLER,Jacob Beidler Elementary School,ES,False,True,True,True,41.885321,-87.705855,256,216,35,3,12,257,211,34,2,13,EAST GARFIELD PARK,253,255,1,-5,-1,2,1,0.390625,-2.314814814814815,-33.333333333333336,0.7905138339920948,8.333333333333334
84,610006,HURLEY,Edward N Hurley Elementary School,ES,False,True,True,True,41.766785,-87.719541,721,559,101,348,704,703,548,96,348,683,WEST LAWN,373,355,-18,-11,0,-18,-21,-2.496532593619972,-1.9677996422182469,0.0,-4.825737265415549,-2.9829545454545454
85,400098,NOBLE - MUCHIN HS,Noble - Muchin College Prep,HS,True,False,False,False,41.88274,-87.626338,823,672,107,113,482,961,765,124,138,465,LOOP,710,823,138,93,25,113,-17,16.767922235722963,13.839285714285714,22.123893805309734,15.915492957746478,-3.5269709543568464
86,610390,RICKOVER MILITARY HS,Hyman G Rickover Naval Academy High School,HS,True,False,False,False,41.957599,-87.769938,457,323,76,91,355,506,353,80,118,404,PORTAGE PARK,366,388,49,30,27,22,49,10.722100656455142,9.287925696594428,29.67032967032967,6.0109289617486334,13.80281690140845
87,610298,LENART,Lenart Elementary Regional Gifted Center,ES,False,True,True,True,41.747186,-87.62804,290,74,6,3,14,295,83,8,3,15,CHATHAM,287,292,5,9,0,5,1,1.7241379310344827,12.162162162162161,0.0,1.7421602787456445,7.142857142857143
88,610246,BEASLEY,Edward Beasley Elementary Magnet Academic Center,ES,False,True,True,True,41.798465,-87.625692,1046,681,99,4,16,1013,629,104,5,16,WASHINGTON PARK,1042,1008,-33,-52,1,-34,0,-3.1548757170172084,-7.63582966226138,25.0,-3.2629558541266794,0.0
89,610170,COLUMBIA EXPLORERS,Columbia Explorers Elementary Academy,ES,False,True,True,True,41.811069,-87.704199,768,591,135,356,748,722,576,149,338,705,BRIGHTON PARK,412,384,-46,-15,-18,-28,-43,-5.989583333333333,-2.5380710659898478,-5.056179775280899,-6.796116504854369,-5.748663101604278
90,400083,ACERO - PAZ,Acero Charter Schools - Octavio Paz Campus,ES,False,True,True,False,41.850035,-87.692551,172,150,32,116,160,128,118,25,92,124,SOUTH LAWNDALE,56,36,-44,-32,-24,-20,-36,-25.58139534883721,-21.333333333333332,-20.689655172413794,-35.714285714285715,-22.5
91,609958,GUNSAULUS,Frank W Gunsaulus Elementary Scholastic Academy,ES,False,True,True,True,41.813007,-87.699364,652,506,66,266,602,668,491,74,269,621,BRIGHTON PARK,386,399,16,-15,3,13,19,2.4539877300613497,-2.964426877470356,1.1278195488721805,3.3678756476683938,3.1561461794019934
92,610038,LINCOLN,Abraham Lincoln Elementary School,ES,False,True,True,False,41.924525,-87.644497,803,82,49,71,77,846,84,60,61,75,LINCOLN PARK,732,785,43,2,-10,53,-2,5.354919053549191,2.4390243902439024,-14.084507042253522,7.240437158469946,-2.5974025974025974
93,610319,EVERGREEN,Evergreen Academy Middle School,MS,False,True,True,False,41.829356,-87.667817,198,168,29,67,175,200,173,28,66,183,MCKINLEY PARK,131,134,2,5,-1,3,8,1.0101010101010102,2.9761904761904763,-1.492537313432836,2.2900763358778624,4.571428571428571
94,609712,HIRSCH HS,Emil G Hirsch Metropolitan High School,HS,True,False,False,False,41.753748,-87.601727,104,65,30,0,4,104,75,28,0,6,GREATER GRAND CROSSING,104,104,0,10,0,0,2,0.0,15.384615384615385,,0.0,50.0
95,609955,GRESHAM,Walter Q Gresham Elementary School,ES,False,True,True,True,41.73892,-87.645025,332,278,50,1,6,327,273,55,5,10,AUBURN GRESHAM,331,322,-5,-5,4,-9,4,-1.5060240963855422,-1.7985611510791366,400.0,-2.719033232628399,66.66666666666667
96,610226,SANDOVAL,Socorro Sandoval Elementary School,ES,False,False,True,True,41.792346,-87.710987,738,585,53,537,711,720,583,64,526,691,GAGE PARK,201,194,-18,-2,-11,-7,-20,-2.4390243902439024,-0.3418803418803419,-2.0484171322160147,-3.482587064676617,-2.8129395218002813
97,610107,OTIS,James Otis Elementary School,ES,False,True,True,True,41.891806,-87.665426,325,259,122,130,192,346,269,122,152,217,WEST TOWN,195,194,21,10,22,-1,25,6.461538461538462,3.861003861003861,16.923076923076923,-0.5128205128205128,13.020833333333334
98,609811,BRIGHT,Orville T Bright Elementary School,ES,False,True,True,True,41.699726,-87.562084,227,148,64,41,68,200,159,63,36,67,SOUTH DEERING,186,164,-27,11,-5,-22,-1,-11.894273127753303,7.4324324324324325,-12.195121951219512,-11.827956989247312,-1.4705882352941178
99,609794,EDISON,Thomas A Edison Regional Gifted Center ES,ES,False,True,True,False,41.971506,-87.709304,262,26,16,1,29,266,28,19,2,29,ALBANY PARK,261,264,4,2,1,3,0,1.5267175572519085,7.6923076923076925,100.0,1.1494252873563218,0.0
100,609977,WOODLAWN,Woodlawn Community Elementary School,ES,False,False,True,True,41.773366,-87.594392,186,124,12,0,0,167,136,15,2,4,WOODLAWN,186,165,-19,12,2,-21,4,-10.21505376344086,9.67741935483871,inf,-11.290322580645162,inf
101,609961,NINOS HEROES,Ninos Heroes Elementary Academic Center,ES,False,True,True,True,41.743753,-87.551862,310,221,29,42,45,276,212,28,49,56,SOUTH CHICAGO,268,227,-34,-9,7,-41,11,-10.96774193548387,-4.072398190045249,16.666666666666668,-15.298507462686567,24.444444444444443
102,609830,BRUNSON,Milton Brunson Math & Science Specialty ES,ES,False,True,True,True,41.897663,-87.765606,425,297,81,40,65,433,323,99,56,88,AUSTIN,385,377,8,26,16,-8,23,1.8823529411764706,8.754208754208754,40.0,-2.0779220779220777,35.38461538461539
103,609680,PAYTON HS,Walter Payton College Preparatory High School,HS,True,False,False,False,41.901575,-87.635385,1230,372,107,23,300,1260,405,122,30,323,NEAR NORTH SIDE,1207,1230,30,33,7,23,23,2.4390243902439024,8.870967741935484,30.434782608695652,1.9055509527754764,7.666666666666667
104,610323,BOWEN HS,Bowen High School,HS,True,False,False,False,41.734627,-87.55755,202,176,64,20,43,169,140,59,19,39,SOUTH CHICAGO,182,150,-33,-36,-1,-32,-4,-16.336633663366335,-20.454545454545453,-5.0,-17.582417582417584,-9.30232558139535
105,609968,MCAULIFFE,Sharon Christa McAuliffe Elementary School,ES,False,True,True,True,41.914816,-87.723931,575,440,76,229,527,560,353,74,234,514,HERMOSA,346,326,-15,-87,5,-20,-13,-2.608695652173913,-19.772727272727273,2.183406113537118,-5.780346820809249,-2.4667931688804554
106,609738,LINCOLN PARK HS,Lincoln Park High School,HS,True,False,False,False,41.918268,-87.646009,2063,928,172,89,660,2096,936,152,148,660,LINCOLN PARK,1974,1948,33,8,59,-26,0,1.5996122152205525,0.8620689655172413,66.29213483146067,-1.3171225937183384,0.0
107,610367,DEPRIEST,Oscar DePriest Elementary School,ES,False,True,True,True,41.877979,-87.766298,471,372,101,10,22,480,358,109,8,47,AUSTIN,461,472,9,-14,-2,11,25,1.910828025477707,-3.763440860215054,-20.0,2.386117136659436,113.63636363636364
108,400043,HOPE LEARNING ACADEMY,Hope Institute Learning Academy,ES,False,False,True,False,41.883362,-87.668077,238,188,80,10,14,0,0,0,0,0,NEAR WEST SIDE,228,0,-238,-188,-10,-228,-14,-100.0,-100.0,-100.0,-100.0,-100.0
109,609960,HALE,Nathan Hale Elementary School,ES,False,True,True,True,41.780192,-87.776579,799,489,109,201,636,770,463,109,211,623,CLEARING,598,559,-29,-26,10,-39,-13,-3.6295369211514394,-5.316973415132924,4.975124378109452,-6.521739130434782,-2.0440251572327046
110,610141,RAVENSWOOD,Ravenswood Elementary School,ES,False,True,True,True,41.960746,-87.670922,536,151,53,75,155,504,155,62,58,143,LAKE VIEW,461,446,-32,4,-17,-15,-12,-5.970149253731344,2.6490066225165565,-22.666666666666668,-3.2537960954446854,-7.741935483870968
111,609766,VAUGHN HS,Jacqueline B Vaughn Occupational High School,HS,True,False,False,False,41.960364,-87.764663,194,145,194,75,118,212,159,212,86,128,PORTAGE PARK,119,126,18,14,11,7,10,9.278350515463918,9.655172413793103,14.666666666666666,5.882352941176471,8.474576271186441
112,610568,PATHWAYS - AVONDALE HS,Pathways in Education- Avondale,HS,True,False,False,False,41.939433,-87.705206,328,243,47,46,248,290,239,59,41,231,AVONDALE,282,249,-38,-4,-5,-33,-17,-11.585365853658537,-1.646090534979424,-10.869565217391305,-11.702127659574469,-6.854838709677419
113,610308,RUDOLPH,Wilma Rudolph Elementary Learning Center,ES,False,True,True,True,41.883568,-87.669477,110,66,98,30,45,97,59,96,32,46,NEAR WEST SIDE,80,65,-13,-7,2,-15,1,-11.818181818181818,-10.606060606060606,6.666666666666667,-18.75,2.2222222222222223
114,609819,BURKE,Edmond Burke Elementary School,ES,False,True,True,True,41.79676,-87.616141,277,203,34,2,11,246,197,45,1,7,WASHINGTON PARK,275,245,-31,-6,-1,-30,-4,-11.191335740072201,-2.955665024630542,-50.0,-10.909090909090908,-36.36363636363637
115,610282,MCNAIR,Ronald E McNair Elementary School,ES,False,True,True,True,41.897819,-87.746731,355,298,82,36,64,323,266,84,33,73,AUSTIN,319,290,-32,-32,-3,-29,9,-9.014084507042254,-10.738255033557047,-8.333333333333334,-9.090909090909092,14.0625
116,610052,MANN,Horace Mann Elementary School,ES,False,True,True,True,41.748274,-87.574816,330,250,41,6,7,267,203,26,7,6,SOUTH CHICAGO,324,260,-63,-47,1,-64,-1,-19.09090909090909,-18.8,16.666666666666668,-19.753086419753085,-14.285714285714286
117,609730,SENN HS,Nicholas Senn High School,HS,True,False,False,False,41.989029,-87.667136,1508,1092,198,299,604,1449,1025,194,378,583,EDGEWATER,1209,1071,-59,-67,79,-138,-21,-3.9124668435013263,-6.135531135531136,26.421404682274247,-11.41439205955335,-3.4768211920529803
118,610070,MCPHERSON,James B McPherson Elementary School,ES,False,True,True,True,41.967847,-87.676288,668,306,167,194,374,738,321,177,198,379,LINCOLN SQUARE,474,540,70,15,4,66,5,10.479041916167665,4.901960784313726,2.0618556701030926,13.924050632911392,1.3368983957219251
119,610564,DISNEY II HS,Disney II Magnet High School,HS,True,True,False,False,41.952488,-87.721364,747,456,105,72,417,742,463,117,86,416,IRVING PARK,675,656,-5,7,14,-19,-1,-0.6693440428380187,1.5350877192982457,19.444444444444443,-2.814814814814815,-0.23980815347721823
120,400178,MOVING EVEREST,Moving Everest Charter School,ES,False,True,True,False,41.888259,-87.755281,770,650,81,13,34,767,633,111,10,40,AUSTIN,757,757,-3,-17,-3,0,6,-0.38961038961038963,-2.6153846153846154,-23.076923076923077,0.0,17.647058823529413
121,609704,FARRAGUT HS,David G Farragut Career Academy High School,HS,True,False,False,False,41.84856,-87.708706,453,422,123,158,389,488,441,124,186,434,SOUTH LAWNDALE,295,302,35,19,28,7,45,7.72626931567329,4.502369668246446,17.72151898734177,2.3728813559322033,11.568123393316196
122,400069,POLARIS,Polaris Charter Academy,ES,False,True,True,False,41.89255,-87.707796,371,291,51,4,29,355,246,44,3,37,HUMBOLDT PARK,367,352,-16,-45,-1,-15,8,-4.3126684636118595,-15.463917525773196,-25.0,-4.087193460490464,27.586206896551722
123,400047,LEARN - CAMPBELL,L.E.A.R.N. - Charles and Dorothy Campbell Campus,ES,False,False,True,False,41.877861,-87.698739,359,294,39,1,8,358,276,45,5,15,EAST GARFIELD PARK,358,353,-1,-18,4,-5,7,-0.2785515320334262,-6.122448979591836,400.0,-1.3966480446927374,87.5
124,610099,NORWOOD PARK,Norwood Park Elementary School,ES,False,True,True,True,41.988153,-87.802979,338,44,53,35,122,325,46,48,40,122,NORWOOD PARK,303,285,-13,2,5,-18,0,-3.8461538461538463,4.545454545454546,14.285714285714286,-5.9405940594059405,0.0
125,610133,WARD L,Laura S Ward Elementary School,ES,False,True,True,True,41.893236,-87.718797,251,205,53,14,42,259,194,58,15,57,HUMBOLDT PARK,237,244,8,-11,1,7,15,3.187250996015936,-5.365853658536586,7.142857142857143,2.9535864978902953,35.714285714285715
126,610013,PILSEN,Pilsen Elementary Community Academy,ES,False,True,True,True,41.858849,-87.662209,216,171,41,109,189,226,156,46,103,203,LOWER WEST SIDE,107,123,10,-15,-6,16,14,4.62962962962963,-8.771929824561404,-5.504587155963303,14.953271028037383,7.407407407407407
127,610122,PEIRCE,Helen Peirce International Studies ES,ES,False,True,True,True,41.983456,-87.66585,1063,360,135,189,343,1099,333,161,190,351,EDGEWATER,874,909,36,-27,1,35,8,3.3866415804327374,-7.5,0.5291005291005291,4.004576659038902,2.3323615160349855
128,609883,DENEEN,Charles S Deneen Elementary School,ES,False,True,True,True,41.76249,-87.623345,479,362,62,2,7,458,342,78,3,9,GREATER GRAND CROSSING,477,455,-21,-20,1,-22,2,-4.384133611691023,-5.524861878453039,50.0,-4.612159329140461,28.571428571428573
129,610037,LIBBY,Arthur A Libby Elementary School,ES,False,True,True,True,41.797685,-87.659933,257,208,58,59,91,249,192,63,70,103,NEW CITY,198,179,-8,-16,11,-19,12,-3.11284046692607,-7.6923076923076925,18.64406779661017,-9.595959595959595,13.186813186813186
130,609987,HENDRICKS,Thomas A Hendricks Elementary Community Academy,ES,False,True,True,True,41.815788,-87.633664,181,149,46,7,17,181,151,46,4,13,FULLER PARK,174,177,0,2,-3,3,-4,0.0,1.342281879194631,-42.857142857142854,1.7241379310344827,-23.529411764705884
131,610300,WESTCOTT,Oliver S Westcott Elementary School,ES,False,True,True,True,41.748868,-87.634751,424,353,83,6,12,395,321,86,5,11,CHATHAM,418,390,-29,-32,-1,-28,-1,-6.839622641509434,-9.06515580736544,-16.666666666666668,-6.698564593301436,-8.333333333333334
132,610290,MAYS,Benjamin E Mays Elementary Academy,ES,False,True,True,True,41.772727,-87.637277,242,187,37,11,10,239,156,35,15,17,ENGLEWOOD,231,224,-3,-31,4,-7,7,-1.2396694214876034,-16.577540106951872,36.36363636363637,-3.0303030303030303,70.0
133,609986,HENDERSON,Charles R Henderson Elementary School,ES,False,True,True,True,41.790591,-87.671887,177,129,36,40,53,231,164,43,54,97,WEST ENGLEWOOD,137,177,54,35,14,40,44,30.508474576271187,27.131782945736433,35.0,29.197080291970803,83.01886792452831
134,610571,OMBUDSMAN - WEST HS,Ombudsman Chicago- West,HS,True,False,False,False,41.874673,-87.687842,155,121,37,2,24,139,114,22,6,24,NEAR WEST SIDE,153,133,-16,-7,4,-20,0,-10.32258064516129,-5.785123966942149,200.0,-13.071895424836601,0.0
135,610269,MCCUTCHEON,John T McCutcheon Elementary School,ES,False,True,True,True,41.970949,-87.654758,313,224,112,149,74,344,229,124,127,90,UPTOWN,164,217,31,5,-22,53,16,9.904153354632587,2.232142857142857,-14.765100671140939,32.31707317073171,21.62162162162162
136,610032,GREEN,Wendell E Green Elementary School,ES,False,True,True,True,41.719292,-87.6525,304,230,89,2,4,302,204,84,2,7,WASHINGTON HEIGHTS,302,300,-2,-26,0,-2,3,-0.6578947368421053,-11.304347826086957,0.0,-0.6622516556291391,75.0
137,609759,CLEMENTE HS,Roberto Clemente Community Academy High School,HS,True,False,False,False,41.902626,-87.686906,595,492,163,120,357,744,529,162,300,508,WEST TOWN,475,444,149,37,180,-31,151,25.04201680672269,7.520325203252033,150.0,-6.526315789473684,42.296918767507
138,609832,BYRNE,Michael M Byrne Elementary School,ES,False,True,True,False,41.795031,-87.791544,611,307,116,82,424,580,258,112,85,399,GARFIELD RIDGE,529,495,-31,-49,3,-34,-25,-5.073649754500818,-15.960912052117264,3.658536585365854,-6.427221172022684,-5.89622641509434
139,609945,GOUDY,William C. Goudy Technology Academy,ES,False,True,True,True,41.975817,-87.657912,547,393,70,248,145,512,348,66,234,155,UPTOWN,299,278,-35,-45,-14,-21,10,-6.39853747714808,-11.450381679389313,-5.645161290322581,-7.023411371237458,6.896551724137931
140,610051,NORTHWEST,Northwest Middle School,MS,False,True,True,False,41.920555,-87.757854,491,423,89,253,461,506,416,93,242,473,BELMONT CRAGIN,238,264,15,-7,-11,26,12,3.054989816700611,-1.6548463356973995,-4.3478260869565215,10.92436974789916,2.6030368763557483
141,610208,LAVIZZO,Mildred I Lavizzo Elementary School,ES,False,True,True,True,41.696262,-87.627148,337,254,47,6,8,329,264,44,4,9,ROSELAND,331,325,-8,10,-2,-6,1,-2.373887240356083,3.937007874015748,-33.333333333333336,-1.8126888217522659,12.5
142,400151,LEARN - 7,L.E.A.R.N. Charter School - 7th Campus,ES,False,False,True,False,41.88741,-87.701397,170,130,23,1,6,151,106,18,0,4,EAST GARFIELD PARK,169,151,-19,-24,-1,-18,-2,-11.176470588235293,-18.46153846153846,-100.0,-10.650887573964496,-33.333333333333336
143,400060,AHS - PASSAGES,Asian Human Services - Passages Charter School,ES,False,True,True,False,41.983371,-87.67116,304,231,35,165,50,355,223,34,158,82,EDGEWATER,139,197,51,-8,-7,58,32,16.776315789473685,-3.463203463203463,-4.242424242424242,41.726618705035975,64.0
144,609734,TAFT HS,William Howard Taft High School,HS,True,True,False,False,41.982961,-87.791547,4296,2100,551,601,1863,4218,2131,517,786,1850,NORWOOD PARK,3695,3432,-78,31,185,-263,-13,-1.8156424581005586,1.4761904761904763,30.782029950083196,-7.117726657645467,-0.6977992485238862
145,610183,SPENCER,Spencer Technology Academy,ES,False,True,True,True,41.884876,-87.750445,385,297,42,8,16,388,273,52,21,48,AUSTIN,377,367,3,-24,13,-10,32,0.7792207792207793,-8.080808080808081,162.5,-2.6525198938992043,200.0
146,610000,HOWE,Julia Ward Howe Elementary School of Excellence,ES,False,True,True,True,41.893612,-87.759398,377,293,54,18,42,354,281,46,17,45,AUSTIN,359,337,-23,-12,-1,-22,3,-6.10079575596817,-4.09556313993174,-5.555555555555555,-6.128133704735376,7.142857142857143
147,610130,PIRIE,John T Pirie Fine Arts & Academic Center ES,ES,False,False,True,True,41.74034,-87.607891,202,144,20,2,2,182,147,24,2,4,CHATHAM,200,180,-20,3,0,-20,2,-9.900990099009901,2.0833333333333335,0.0,-10.0,100.0
148,609971,HARVARD,John Harvard Elementary School of Excellence,ES,False,True,True,True,41.757341,-87.632737,345,270,83,1,7,357,275,94,4,19,GREATER GRAND CROSSING,344,353,12,5,3,9,12,3.4782608695652173,1.8518518518518519,300.0,2.616279069767442,171.42857142857142
149,609764,JUAREZ HS,Benito Juarez Community Academy High School,HS,True,False,False,False,41.852667,-87.663732,1593,1424,235,480,1503,1531,1371,218,561,1454,LOWER WEST SIDE,1113,970,-62,-53,81,-143,-49,-3.8920276208411804,-3.7219101123595504,16.875,-12.848158131177,-3.260146373918829
150,610541,LORCA,Federico Garcia Lorca Elementary School,ES,False,True,True,True,41.940026,-87.724783,639,520,91,343,597,611,457,78,328,565,AVONDALE,296,283,-28,-63,-15,-13,-32,-4.381846635367762,-12.115384615384615,-4.373177842565598,-4.391891891891892,-5.360134003350084
151,610171,MIRELES,Arnold Mireles Elementary Academy,ES,False,True,True,True,41.731717,-87.552788,466,359,53,134,204,451,346,61,145,205,SOUTH CHICAGO,332,306,-15,-13,11,-26,1,-3.218884120171674,-3.6211699164345403,8.208955223880597,-7.831325301204819,0.49019607843137253
152,400128,YCCS - CCA ACADEMY,YCCS-CCA Academy HS,HS,True,False,False,False,41.864943,-87.723662,90,71,25,0,4,65,53,16,1,1,NORTH LAWNDALE,90,64,-25,-18,1,-26,-3,-27.77777777777778,-25.35211267605634,inf,-28.88888888888889,-75.0
153,610347,CLAREMONT,Claremont Academy Elementary School,ES,False,True,True,True,41.777511,-87.681061,357,286,87,47,76,330,267,87,55,84,CHICAGO LAWN,310,275,-27,-19,8,-35,8,-7.563025210084033,-6.643356643356643,17.02127659574468,-11.290322580645162,10.526315789473685
154,609899,EBINGER,Christian Ebinger Elementary School,ES,False,True,True,False,42.004408,-87.81117,727,107,116,42,88,695,101,113,41,84,EDISON PARK,685,654,-32,-6,-1,-31,-4,-4.401650618982118,-5.607476635514018,-2.380952380952381,-4.525547445255475,-4.545454545454546
155,610138,PULASKI,Pulaski International School of Chicago,ES,False,True,True,True,41.918486,-87.683801,820,330,96,129,450,840,295,104,135,427,LOGAN SQUARE,691,705,20,-35,6,14,-23,2.4390243902439024,-10.606060606060606,4.651162790697675,2.0260492040520983,-5.111111111111111
156,609872,PEREZ,Manuel Perez Elementary School,ES,False,True,True,True,41.856029,-87.65798,267,196,46,98,249,301,193,53,113,268,LOWER WEST SIDE,169,188,34,-3,15,19,19,12.734082397003744,-1.530612244897959,15.306122448979592,11.242603550295858,7.6305220883534135
157,610235,YOUNG ES,Ella Flagg Young Elementary School,ES,False,True,True,True,41.906791,-87.767143,470,374,52,55,85,395,335,47,67,90,AUSTIN,415,328,-75,-39,12,-87,5,-15.957446808510639,-10.427807486631016,21.818181818181817,-20.96385542168675,5.882352941176471
158,609857,CLEVELAND,Grover Cleveland Elementary School,ES,False,True,True,True,41.952042,-87.706443,470,314,148,203,369,463,323,150,221,363,IRVING PARK,267,242,-7,9,18,-25,-6,-1.4893617021276595,2.8662420382165603,8.866995073891626,-9.363295880149813,-1.6260162601626016
159,400086,URBAN PREP - ENGLEWOOD HS,Urban Prep Academy for Young Men - Englewood,HS,True,False,False,False,41.781498,-87.634357,155,138,39,2,2,97,84,22,2,3,ENGLEWOOD,153,95,-58,-54,0,-58,1,-37.41935483870968,-39.130434782608695,0.0,-37.908496732026144,50.0
160,610199,COLEMON,Johnnie Colemon Elementary Academy,ES,False,True,True,True,41.677505,-87.658111,195,131,29,7,9,178,121,28,4,9,WEST PULLMAN,188,174,-17,-10,-3,-14,0,-8.717948717948717,-7.633587786259542,-42.857142857142854,-7.446808510638298,0.0
161,610142,RAY,William H Ray Elementary School,ES,False,True,True,True,41.792348,-87.594752,497,224,69,41,43,588,251,75,36,89,HYDE PARK,456,552,91,27,-5,96,46,18.309859154929576,12.053571428571429,-12.195121951219512,21.05263157894737,106.97674418604652
162,609956,GRIMES,Robert L Grimes Elementary School,ES,False,True,True,True,41.775464,-87.758803,389,269,50,143,348,368,249,48,137,332,CLEARING,246,231,-21,-20,-6,-15,-16,-5.3984575835475574,-7.434944237918216,-4.195804195804196,-6.097560975609756,-4.597701149425287
163,610033,LASALLE,LaSalle Elementary Language Academy,ES,False,True,True,False,41.9139,-87.637565,483,163,57,9,87,491,150,61,8,90,LINCOLN PARK,474,483,8,-13,-1,9,3,1.6563146997929608,-7.975460122699387,-11.11111111111111,1.8987341772151898,3.4482758620689653
164,610106,PICCOLO,Brian Piccolo Elementary Specialty School,ES,False,True,True,True,41.90014,-87.731261,575,480,94,241,349,642,469,113,288,432,HUMBOLDT PARK,334,354,67,-11,47,20,83,11.652173913043478,-2.2916666666666665,19.502074688796682,5.9880239520958085,23.78223495702006
165,609894,DRAKE,John B Drake Elementary School,ES,False,True,True,True,41.844043,-87.628553,257,221,49,4,12,300,251,70,5,15,DOUGLAS,253,295,43,30,1,42,3,16.731517509727627,13.574660633484163,25.0,16.600790513833992,25.0
166,609795,CLARK ES,George Rogers Clark Elementary School,ES,False,True,True,True,41.867813,-87.770418,151,113,12,19,54,139,93,9,22,59,AUSTIN,132,117,-12,-20,3,-15,5,-7.947019867549669,-17.699115044247787,15.789473684210526,-11.363636363636363,9.25925925925926
167,609786,AVALON PARK,Avalon Park Elementary School,ES,False,True,True,True,41.748247,-87.591654,232,173,23,0,2,189,149,26,0,2,AVALON PARK,232,189,-43,-24,0,-43,0,-18.53448275862069,-13.872832369942197,,-18.53448275862069,0.0
168,610315,WHITE,Edward White Elementary Career Academy,ES,False,True,True,True,41.672309,-87.650539,112,93,20,0,2,126,94,16,1,6,WEST PULLMAN,112,125,14,1,1,13,4,12.5,1.075268817204301,inf,11.607142857142858,200.0
169,400111,LEARN - PERKINS,L.E.A.R.N. - Hunter Perkins Campus,ES,False,True,True,False,41.743122,-87.665721,463,352,40,1,7,479,311,51,1,9,AUBURN GRESHAM,462,478,16,-41,0,16,2,3.4557235421166306,-11.647727272727273,0.0,3.463203463203463,28.571428571428573
170,610592,ENGLEWOOD STEM HS,Englewood STEM High School,HS,True,False,False,False,41.770251,-87.639061,781,677,182,45,72,602,522,138,47,88,ENGLEWOOD,736,555,-179,-155,2,-181,16,-22.91933418693982,-22.89512555391433,4.444444444444445,-24.592391304347824,22.22222222222222
171,610148,CHAVEZ,Cesar E Chavez Multicultural Academic Center ES,ES,False,True,True,True,41.807143,-87.666037,814,693,87,374,795,783,657,96,313,764,NEW CITY,440,470,-31,-36,-61,30,-31,-3.808353808353808,-5.194805194805195,-16.310160427807485,6.818181818181818,-3.89937106918239
172,609836,CANTY,Arthur E Canty Elementary School,ES,False,True,True,True,41.948007,-87.829296,827,346,141,260,430,807,339,152,247,400,DUNNING,567,560,-20,-7,-13,-7,-30,-2.418379685610641,-2.023121387283237,-5.0,-1.2345679012345678,-6.976744186046512
173,610227,WHITNEY,Eli Whitney Elementary School,ES,False,True,True,True,41.84008,-87.725546,592,488,44,305,587,585,465,50,289,580,SOUTH LAWNDALE,287,296,-7,-23,-16,9,-7,-1.1824324324324325,-4.713114754098361,-5.245901639344262,3.1358885017421603,-1.192504258943782
174,610067,MCKAY,Francis M McKay Elementary School,ES,False,True,True,True,41.768143,-87.691787,633,498,100,129,173,613,435,100,180,235,CHICAGO LAWN,504,433,-20,-63,51,-71,62,-3.1595576619273302,-12.650602409638553,39.53488372093023,-14.087301587301587,35.83815028901734
175,610213,WADSWORTH,James Wadsworth Elementary School,ES,False,True,True,True,41.773478,-87.601018,480,345,58,1,15,470,305,59,5,21,WOODLAWN,479,465,-10,-40,4,-14,6,-2.0833333333333335,-11.594202898550725,400.0,-2.922755741127349,40.0
176,609896,DRUMMOND,Thomas Drummond Elementary School,ES,False,True,True,True,41.915914,-87.674495,305,41,42,26,78,336,47,46,24,90,LOGAN SQUARE,279,312,31,6,-2,33,12,10.163934426229508,14.634146341463415,-7.6923076923076925,11.827956989247312,15.384615384615385
177,610547,SOUTH SHORE INTL HS,South Shore Intl College Prep High School,HS,True,False,False,False,41.758792,-87.576353,508,387,57,7,17,566,441,68,8,19,SOUTH SHORE,501,558,58,54,1,57,2,11.417322834645669,13.953488372093023,14.285714285714286,11.377245508982035,11.764705882352942
178,609679,PROSSER HS,Charles Allen Prosser Career Academy High School,HS,True,False,False,False,41.920059,-87.761048,1150,1022,163,187,846,1168,1025,182,268,884,BELMONT CRAGIN,963,900,18,3,81,-63,38,1.565217391304348,0.29354207436399216,43.31550802139037,-6.542056074766355,4.491725768321513
179,400044,KIPP - ASCEND,KIPP Ascend Charter School,ES,False,True,True,False,41.85837,-87.721071,905,770,107,10,48,946,750,110,29,62,NORTH LAWNDALE,895,917,41,-20,19,22,14,4.530386740331492,-2.5974025974025974,190.0,2.458100558659218,29.166666666666668
180,609879,DAWES,Charles Gates Dawes Elementary School,ES,False,True,True,True,41.745078,-87.717353,977,827,159,299,820,943,801,169,295,792,ASHBURN,678,648,-34,-26,-4,-30,-28,-3.480040941658137,-3.1438935912938333,-1.3377926421404682,-4.424778761061947,-3.4146341463414633
181,609875,DARWIN,Charles R Darwin Elementary School,ES,False,True,True,True,41.923323,-87.705413,499,353,98,207,402,491,361,103,196,404,LOGAN SQUARE,292,295,-8,8,-11,3,2,-1.6032064128256514,2.26628895184136,-5.314009661835748,1.0273972602739727,0.4975124378109453
182,609880,DECATUR,Stephen Decatur Classical Elementary School,ES,False,True,True,False,42.009289,-87.704619,322,37,24,5,45,330,51,24,7,43,WEST RIDGE,317,323,8,14,2,6,-2,2.484472049689441,37.83783783783784,40.0,1.8927444794952681,-4.444444444444445
183,610363,DISNEY,Walt Disney Magnet Elementary School,ES,False,True,True,True,41.956816,-87.646083,1448,821,130,226,298,1416,830,144,241,293,UPTOWN,1222,1175,-32,9,15,-47,-5,-2.2099447513812156,1.0962241169305724,6.6371681415929205,-3.8461538461538463,-1.6778523489932886
184,610394,UPLIFT HS,Uplift Community High School,HS,True,False,False,False,41.965547,-87.652473,97,69,50,22,26,151,111,65,38,46,UPTOWN,75,113,54,42,16,38,20,55.670103092783506,60.869565217391305,72.72727272727273,50.666666666666664,76.92307692307692
185,610175,SHOESMITH,Beulah Shoesmith Elementary School,ES,False,False,True,False,41.804294,-87.593905,323,205,37,28,18,308,190,45,24,30,KENWOOD,295,284,-15,-15,-4,-11,12,-4.643962848297214,-7.317073170731708,-14.285714285714286,-3.7288135593220337,66.66666666666667
186,609898,EBERHART,John F Eberhart Elementary School,ES,False,True,True,True,41.77442,-87.707953,1029,864,109,514,978,1003,831,110,507,958,CHICAGO LAWN,515,496,-26,-33,-7,-19,-20,-2.5267249757045676,-3.8194444444444446,-1.3618677042801557,-3.6893203883495147,-2.044989775051125
187,610503,FRAZIER PROSPECTIVE,Frazier Prospective IB Magnet ES,ES,False,True,True,False,41.86698,-87.727244,128,98,20,5,6,133,101,24,4,7,NORTH LAWNDALE,123,129,5,3,-1,6,1,3.90625,3.061224489795918,-20.0,4.878048780487805,16.666666666666668
188,610086,MOUNT VERNON,Mount Vernon Elementary School,ES,False,True,True,True,41.701952,-87.647652,229,192,44,0,2,240,194,45,0,4,WASHINGTON HEIGHTS,229,240,11,2,0,11,2,4.8034934497816595,1.0416666666666667,,4.8034934497816595,100.0
189,400137,LITTLE BLACK PEARL HS,Little Black Pearl Art and Design Academy,HS,True,False,False,False,41.809695,-87.59934,83,67,16,0,3,77,61,12,0,2,KENWOOD,83,77,-6,-6,0,-6,-1,-7.228915662650603,-8.955223880597014,,-7.228915662650603,-33.333333333333336
190,400035,CHICAGO MATH & SCIENCE HS,Chicago Math and Science Academy Charter School,HS,True,True,True,False,42.013031,-87.674818,601,496,69,216,237,617,538,58,242,242,ROGERS PARK,385,375,16,42,26,-10,5,2.6622296173044924,8.46774193548387,12.037037037037036,-2.5974025974025974,2.109704641350211
191,400125,YCCS - ASPIRA PANTOJA,"YCCS-ASPIRA,Antonia Pantoja Alternative HS",HS,True,False,False,False,41.938187,-87.727137,158,125,26,73,140,196,144,32,74,183,AVONDALE,85,122,38,19,1,37,43,24.050632911392405,15.2,1.36986301369863,43.529411764705884,30.714285714285715
192,610087,BLAIR,Blair Early Childhood Center,ES,False,False,False,True,41.776556,-87.790604,237,92,168,58,180,253,104,177,58,199,CLEARING,179,195,16,12,0,16,19,6.751054852320675,13.043478260869565,0.0,8.938547486033519,10.555555555555555
193,609834,LITTLE VILLAGE,Little Village Elementary School,ES,False,True,True,True,41.843698,-87.717319,609,513,80,346,606,564,482,84,325,558,SOUTH LAWNDALE,263,239,-45,-31,-21,-24,-48,-7.389162561576355,-6.042884990253412,-6.069364161849711,-9.125475285171103,-7.920792079207921
194,610046,LYON,Mary Lyon Elementary School,ES,False,True,True,True,41.934192,-87.777174,1053,820,121,526,946,988,751,138,463,899,BELMONT CRAGIN,527,525,-65,-69,-63,-2,-47,-6.172839506172839,-8.414634146341463,-11.977186311787072,-0.3795066413662239,-4.968287526427061
195,610178,SCHMID,Theophilus Schmid Elementary School,ES,False,True,True,True,41.716989,-87.596932,176,132,30,1,7,176,116,40,2,8,PULLMAN,175,174,0,-16,1,-1,1,0.0,-12.121212121212121,100.0,-0.5714285714285714,14.285714285714286
196,400106,NOBLE - JOHNSON HS,Noble - John and Eunice Johnson College Prep,HS,True,False,False,False,41.778369,-87.635117,471,392,103,5,19,460,417,100,5,18,ENGLEWOOD,466,455,-11,25,0,-11,-1,-2.335456475583864,6.377551020408164,0.0,-2.3605150214592276,-5.2631578947368425
197,400092,CICS - BOND,CICS - Lloyd Bond,ES,False,False,True,False,41.653663,-87.605039,254,188,28,0,6,259,209,34,0,8,RIVERDALE,254,259,5,21,0,5,2,1.968503937007874,11.170212765957446,,1.968503937007874,33.333333333333336
198,609921,TELPOCHCALLI,Telpochcalli Elementary School,ES,False,True,True,True,41.847947,-87.696006,219,166,42,137,199,224,170,52,141,203,SOUTH LAWNDALE,82,83,5,4,4,1,4,2.2831050228310503,2.4096385542168677,2.9197080291970803,1.2195121951219512,2.0100502512562812
199,400181,ART IN MOTION,Art in Motion Charter School,HS,True,True,False,False,41.760034,-87.583328,554,397,92,3,19,562,507,101,3,16,SOUTH SHORE,551,559,8,110,0,8,-3,1.444043321299639,27.707808564231737,0.0,1.4519056261343013,-15.789473684210526
200,610193,NEW SULLIVAN,William K New Sullivan Elementary School,ES,False,True,True,True,41.743829,-87.542928,397,319,102,24,74,418,329,107,35,88,SOUTH CHICAGO,373,383,21,10,11,10,14,5.289672544080605,3.134796238244514,45.833333333333336,2.680965147453083,18.91891891891892
201,609694,HANCOCK HS,John Hancock College Preparatory High School,HS,True,False,False,False,41.791464,-87.72447,1003,691,51,33,907,1028,682,59,41,924,CLEARING,970,987,25,-9,8,17,17,2.4925224327018944,-1.3024602026049203,24.242424242424242,1.7525773195876289,1.8743109151047408
202,400126,YCCS - ASSOCIATION HOUSE,YCCS-Association House HS,HS,True,False,False,False,41.901572,-87.70686,72,55,15,11,37,89,59,15,15,44,HUMBOLDT PARK,61,74,17,4,4,13,7,23.61111111111111,7.2727272727272725,36.36363636363637,21.311475409836067,18.91891891891892
203,609893,DORE,John C Dore Elementary School,ES,False,True,True,True,41.77382587,-87.79974193,726,332,157,145,543,735,332,170,145,572,CLEARING,581,590,9,0,0,9,29,1.2396694214876034,0.0,0.0,1.549053356282272,5.3406998158379375
204,610188,DUNNE,Dunne Technology Academy,ES,False,True,True,True,41.696496,-87.639974,203,144,25,0,1,202,152,25,1,1,ROSELAND,203,201,-1,8,1,-2,0,-0.49261083743842365,5.555555555555555,inf,-0.9852216748768473,0.0
205,610202,TILTON,George W Tilton Elementary School,ES,False,True,True,True,41.884102,-87.730566,236,199,34,9,19,236,199,32,11,22,WEST GARFIELD PARK,227,225,0,0,2,-2,3,0.0,0.0,22.22222222222222,-0.8810572687224669,15.789473684210526
206,609861,CLISSOLD,Henry R Clissold Elementary School,ES,False,True,True,True,41.693026,-87.680897,389,162,92,8,38,477,169,92,7,53,MORGAN PARK,381,470,88,7,-1,89,15,22.62210796915167,4.320987654320987,-12.5,23.35958005249344,39.473684210526315
207,609750,SIMPSON HS,Simpson Academy HS for Young Women,HS,True,True,True,False,41.864365,-87.668722,23,19,5,4,7,22,18,5,4,7,NEAR WEST SIDE,19,18,-1,-1,0,-1,0,-4.3478260869565215,-5.2631578947368425,0.0,-5.2631578947368425,0.0
208,609678,JONES HS,William Jones College Preparatory High School,HS,True,False,False,False,41.873066,-87.627675,1929,719,151,47,606,1964,782,177,59,659,LOOP,1882,1905,35,63,12,23,53,1.8144116122343183,8.762169680111265,25.53191489361702,1.2221041445270988,8.745874587458745
209,609926,FRANKLIN,Franklin Elementary Fine Arts Center,ES,False,True,True,False,41.9066,-87.635513,367,151,32,10,50,360,171,41,6,49,NEAR NORTH SIDE,357,354,-7,20,-4,-3,-1,-1.9073569482288828,13.245033112582782,-40.0,-0.8403361344537815,-2.0
210,610021,CASALS,Pablo Casals Elementary School,ES,False,True,True,True,41.904503,-87.714234,351,276,43,90,223,368,285,52,114,240,HUMBOLDT PARK,261,254,17,9,24,-7,17,4.843304843304844,3.260869565217391,26.666666666666668,-2.681992337164751,7.623318385650224
211,609918,FIELD,Eugene Field Elementary School,ES,False,True,True,False,42.009664,-87.669985,155,127,34,69,75,154,105,26,55,80,ROGERS PARK,86,99,-1,-22,-14,13,5,-0.6451612903225806,-17.322834645669293,-20.28985507246377,15.116279069767442,6.666666666666667
212,610062,MIÑOSO,Minnie Miñoso Academy,ES,False,True,True,True,41.829993,-87.641103,292,233,63,34,98,314,241,80,36,109,BRIDGEPORT,258,278,22,8,2,20,11,7.534246575342466,3.4334763948497855,5.882352941176471,7.751937984496124,11.224489795918368
213,610029,LOZANO,Rodolfo Lozano Bilingual & International Ctr ES,ES,False,True,True,True,41.908886,-87.665093,160,94,61,54,102,242,98,61,140,187,WEST TOWN,106,102,82,4,86,-4,85,51.25,4.25531914893617,159.25925925925927,-3.7735849056603774,83.33333333333333
214,609733,SULLIVAN HS,Roger C Sullivan High School,HS,True,False,False,False,42.002688,-87.669192,664,513,171,327,251,719,552,148,380,300,ROGERS PARK,337,339,55,39,53,2,49,8.283132530120483,7.60233918128655,16.207951070336392,0.5934718100890207,19.52191235059761
215,609979,HEALY,Robert Healy Elementary School,ES,False,True,True,False,41.839595,-87.640341,1221,897,58,380,186,1206,880,75,385,186,BRIDGEPORT,841,821,-15,-17,5,-20,0,-1.2285012285012284,-1.89520624303233,1.3157894736842106,-2.3781212841854935,0.0
216,610157,SAWYER,Sidney Sawyer Elementary School,ES,False,True,True,True,41.797498,-87.705006,1031,872,113,463,1000,919,794,104,416,893,GAGE PARK,568,503,-112,-78,-47,-65,-107,-10.863239573229874,-8.944954128440367,-10.151187904967603,-11.443661971830986,-10.7
217,610026,KINZIE,John H Kinzie Elementary School,ES,False,True,True,True,41.789965,-87.779483,665,327,155,90,519,672,367,158,100,523,GARFIELD RIDGE,575,572,7,40,10,-3,4,1.0526315789473684,12.232415902140673,11.11111111111111,-0.5217391304347826,0.7707129094412332
218,610249,TALMAN,Talman Elementary School,ES,False,True,True,True,41.794048,-87.690261,342,268,71,194,329,344,277,75,197,329,GAGE PARK,148,147,2,9,3,-1,0,0.5847953216374269,3.3582089552238807,1.5463917525773196,-0.6756756756756757,0.0
219,610055,FARADAY,Michael Faraday Elementary School,ES,False,True,True,True,41.879714,-87.708092,170,149,22,2,8,152,134,20,0,3,EAST GARFIELD PARK,168,152,-18,-15,-2,-16,-5,-10.588235294117647,-10.06711409395973,-100.0,-9.523809523809524,-62.5
220,610228,WHITTIER,John Greenleaf Whittier Elementary School,ES,False,True,True,True,41.850481,-87.673392,167,128,34,115,159,177,119,31,123,171,LOWER WEST SIDE,52,54,10,-9,8,2,12,5.9880239520958085,-7.03125,6.956521739130435,3.8461538461538463,7.547169811320755
221,609674,CHICAGO VOCATIONAL HS,Chicago Vocational Career Academy High School,HS,True,False,False,False,41.737174,-87.573268,647,532,207,14,16,575,468,185,17,26,AVALON PARK,633,558,-72,-64,3,-75,10,-11.128284389489954,-12.030075187969924,21.428571428571427,-11.848341232227488,62.5
222,609817,BUDLONG,Lyman A Budlong Elementary School,ES,False,True,True,True,41.975754,-87.696556,681,366,77,245,266,729,366,74,276,280,LINCOLN SQUARE,436,453,48,0,31,17,14,7.048458149779735,0.0,12.653061224489797,3.8990825688073394,5.2631578947368425
223,400080,ACERO - TORRES,Acero Charter Schools - PFC Omar E. Torres,ES,False,True,True,False,41.8082,-87.73045,540,440,72,321,530,544,457,66,326,536,ARCHER HEIGHTS,219,218,4,17,5,-1,6,0.7407407407407407,3.8636363636363638,1.557632398753894,-0.45662100456621,1.1320754716981132
224,609737,VON STEUBEN HS,Friedrich W von Steuben Metropolitan Science HS,HS,True,False,False,False,41.973185,-87.713386,1635,1050,106,159,905,1670,1054,117,212,926,NORTH PARK,1476,1458,35,4,53,-18,21,2.140672782874618,0.38095238095238093,33.333333333333336,-1.2195121951219512,2.320441988950276
225,609835,CAMERON,Daniel R Cameron Elementary School,ES,False,True,True,True,41.903792,-87.717927,577,481,72,207,431,612,485,84,290,507,HUMBOLDT PARK,370,322,35,4,83,-48,76,6.065857885615252,0.8316008316008316,40.09661835748792,-12.972972972972974,17.633410672853827
226,400075,U OF C - DONOGHUE,University of Chicago - Donoghue,ES,False,False,True,True,41.827726,-87.608501,474,333,30,17,13,521,369,38,24,17,OAKLAND,457,497,47,36,7,40,4,9.915611814345992,10.81081081081081,41.1764705882353,8.752735229759299,30.76923076923077
227,610405,SUDER,Suder Montessori Magnet ES,ES,False,True,True,True,41.883215,-87.677636,450,185,55,22,88,465,179,58,20,75,NEAR WEST SIDE,428,445,15,-6,-2,17,-13,3.3333333333333335,-3.2432432432432434,-9.090909090909092,3.97196261682243,-14.772727272727273
228,610068,HANSON PARK,Hanson Park Elementary School,ES,False,True,True,True,41.923955,-87.761515,1154,887,269,605,1093,1131,839,280,641,1079,BELMONT CRAGIN,549,490,-23,-48,36,-59,-14,-1.9930675909878683,-5.411499436302142,5.950413223140496,-10.746812386156648,-1.280878316559927
229,610523,EDISON PARK,Edison Park Elementary School,ES,False,True,True,False,41.994238,-87.813771,408,56,90,39,98,428,73,106,43,104,NORWOOD PARK,369,385,20,17,4,16,6,4.901960784313726,30.357142857142858,10.256410256410257,4.336043360433604,6.122448979591836
230,610402,DEVRY HS,DeVry University Advantage Academy HS,HS,True,False,False,False,41.941388,-87.690761,130,92,3,2,74,131,92,6,8,64,LINCOLN SQUARE,128,123,1,0,6,-5,-10,0.7692307692307693,0.0,300.0,-3.90625,-13.513513513513514
231,610543,SOLORIO HS,Eric Solorio Academy High School,HS,True,False,False,False,41.795201,-87.711059,1213,1097,143,295,1179,1225,1105,144,340,1187,GAGE PARK,918,885,12,8,45,-33,8,0.989282769991756,0.7292616226071102,15.254237288135593,-3.5947712418300655,0.6785411365564037
232,610312,MCDOWELL,Mary E McDowell Elementary School,ES,False,False,True,True,41.733132,-87.589589,118,89,12,1,2,115,86,16,0,3,CALUMET HEIGHTS,117,115,-3,-3,-1,-2,1,-2.542372881355932,-3.3707865168539324,-100.0,-1.7094017094017093,50.0
233,400123,YCCS - SCHOLASTIC ACHIEVEMENT,YCCS- Academy of Scholastic Achievement HS,HS,True,False,False,False,41.880447,-87.742539,102,81,14,0,4,111,82,20,0,3,AUSTIN,102,111,9,1,0,9,-1,8.823529411764707,1.2345679012345678,,8.823529411764707,-25.0
234,610027,KIPLING,Rudyard Kipling Elementary School,ES,False,True,True,True,41.723627,-87.639521,227,168,27,0,3,223,167,29,0,5,WASHINGTON HEIGHTS,227,223,-4,-1,0,-4,2,-1.7621145374449338,-0.5952380952380952,,-1.7621145374449338,66.66666666666667
235,610184,SPRY ES,John Spry Elementary Community School,ES,False,True,True,True,41.847747,-87.700184,299,256,46,153,288,303,241,48,145,291,SOUTH LAWNDALE,146,158,4,-15,-8,12,3,1.3377926421404682,-5.859375,-5.228758169934641,8.219178082191782,1.0416666666666667
236,609756,CURIE HS,Marie Sklodowska Curie Metropolitan High School,HS,True,False,False,False,41.80306,-87.722042,2903,2512,307,666,2507,2909,2444,321,799,2538,ARCHER HEIGHTS,2237,2110,6,-68,133,-127,31,0.20668274199104375,-2.7070063694267517,19.96996996996997,-5.677246312025034,1.2365376944555246
237,609740,WELLS HS,Wells Community Academy High School,HS,True,False,False,False,41.898995,-87.667483,310,214,76,76,111,335,222,60,121,141,WEST TOWN,234,214,25,8,45,-20,30,8.064516129032258,3.7383177570093458,59.21052631578947,-8.547008547008547,27.027027027027028
238,610117,PASTEUR,Louis Pasteur Elementary School,ES,False,False,True,True,41.786895,-87.732666,585,387,80,249,558,627,437,107,231,596,WEST ELSDON,336,396,42,50,-18,60,38,7.17948717948718,12.919896640826874,-7.228915662650603,17.857142857142858,6.810035842293907
239,610132,POE,Edgar Allan Poe Elementary Classical School,ES,False,True,True,False,41.70263,-87.606419,227,79,9,0,17,229,78,9,0,20,PULLMAN,227,229,2,-1,0,2,3,0.8810572687224669,-1.2658227848101267,,0.8810572687224669,17.647058823529413
240,610128,GARVEY,Marcus Moziah Garvey Elementary School,ES,False,True,True,True,41.706603,-87.647577,238,202,23,0,3,239,184,26,2,6,WASHINGTON HEIGHTS,238,237,1,-18,2,-1,3,0.42016806722689076,-8.910891089108912,inf,-0.42016806722689076,100.0
241,609997,HOLMES,Oliver Wendell Holmes Elementary School,ES,False,True,True,True,41.793788,-87.649795,120,96,14,8,13,123,97,17,8,14,ENGLEWOOD,112,115,3,1,0,3,1,2.5,1.0416666666666667,0.0,2.6785714285714284,7.6923076923076925
242,400027,CICS - IRVING PARK,CICS - Irving Park,ES,False,True,True,False,41.950891,-87.710492,532,324,64,181,398,510,323,61,180,389,IRVING PARK,351,330,-22,-1,-1,-21,-9,-4.135338345864661,-0.30864197530864196,-0.5524861878453039,-5.982905982905983,-2.2613065326633164
243,400031,CICS - WRIGHTWOOD,CICS - Wrightwood,ES,False,True,True,False,41.745365,-87.692614,635,453,64,2,19,613,477,64,3,17,ASHBURN,633,610,-22,24,1,-23,-2,-3.4645669291338583,5.298013245033113,50.0,-3.6334913112164298,-10.526315789473685
244,609963,HAMILTON,Alexander Hamilton Elementary School,ES,False,True,True,True,41.94522,-87.670865,444,36,59,26,56,481,43,67,27,63,LAKE VIEW,418,454,37,7,1,36,7,8.333333333333334,19.444444444444443,3.8461538461538463,8.61244019138756,12.5
245,610217,WARD J,James Ward Elementary School,ES,False,True,True,True,41.84398,-87.635356,516,349,35,277,49,498,347,46,274,48,ARMOUR SQUARE,239,224,-18,-2,-3,-15,-1,-3.488372093023256,-0.5730659025787965,-1.0830324909747293,-6.2761506276150625,-2.0408163265306123
246,610352,DURKIN PARK,Durkin Park Elementary School,ES,False,True,True,True,41.738844,-87.729955,671,484,107,240,560,675,463,111,226,573,ASHBURN,431,449,4,-21,-14,18,13,0.5961251862891207,-4.338842975206612,-5.833333333333333,4.176334106728539,2.3214285714285716
247,610223,WENTWORTH,Daniel S Wentworth Elementary School,ES,False,True,True,True,41.765076,-87.658205,401,316,85,19,35,383,306,95,28,45,WEST ENGLEWOOD,382,355,-18,-10,9,-27,10,-4.488778054862843,-3.1645569620253164,47.36842105263158,-7.0680628272251305,28.571428571428573
248,610203,MONARCAS,Monarcas Academy,ES,False,False,True,True,41.787523,-87.708179,803,607,112,415,769,802,592,125,431,766,GAGE PARK,388,371,-1,-15,16,-17,-3,-0.12453300124533001,-2.471169686985173,3.855421686746988,-4.381443298969073,-0.39011703511053314
249,400124,YCCS - MCKINLEY,YCCS- McKinley Lakeside Leadership HS,HS,True,False,False,False,41.841331,-87.625331,66,53,17,2,7,92,71,23,1,4,DOUGLAS,64,91,26,18,-1,27,-3,39.39393939393939,33.9622641509434,-50.0,42.1875,-42.857142857142854
250,610534,SKINNER NORTH,Skinner North,ES,False,True,True,False,41.905109,-87.644841,491,40,29,8,39,512,58,33,9,37,NEAR NORTH SIDE,483,503,21,18,1,20,-2,4.276985743380855,45.0,12.5,4.140786749482402,-5.128205128205129
251,400089,ACERO - MARQUEZ,Acero Charter Schools - Officer Donald J. Marquez,ES,False,True,True,False,41.808309,-87.697394,524,438,64,340,519,518,447,76,332,511,BRIGHTON PARK,184,186,-6,9,-8,2,-8,-1.1450381679389312,2.0547945205479454,-2.3529411764705883,1.0869565217391304,-1.5414258188824663
252,609937,GARVY,John W Garvy Elementary School,ES,False,True,True,False,41.976352,-87.796235,751,238,79,213,278,742,257,96,199,273,NORWOOD PARK,538,543,-9,19,-14,5,-5,-1.1984021304926764,7.983193277310924,-6.572769953051643,0.929368029739777,-1.7985611510791366
253,610350,BLACK,Robert A Black Magnet Elementary School,ES,False,True,True,False,41.729692,-87.576643,388,258,39,3,8,356,206,39,2,8,CALUMET HEIGHTS,385,354,-32,-52,-1,-31,0,-8.24742268041237,-20.155038759689923,-33.333333333333336,-8.051948051948052,0.0
254,609947,GRAHAM ES,Alexander Graham Elementary School,ES,False,True,True,True,41.813304,-87.643344,327,259,42,78,153,299,235,35,83,150,NEW CITY,249,216,-28,-24,5,-33,-3,-8.562691131498472,-9.266409266409266,6.410256410256411,-13.25301204819277,-1.9607843137254901
255,609755,YOUNG HS,Whitney M Young Magnet High School,HS,True,True,False,False,41.878603,-87.664233,2149,779,191,41,613,2218,787,219,50,630,NEAR WEST SIDE,2108,2168,69,8,9,60,17,3.2107957189390413,1.0269576379974326,21.951219512195124,2.846299810246679,2.7732463295269167
256,609855,CHRISTOPHER,Walter S Christopher Elementary School,ES,False,True,True,False,41.801659,-87.685607,323,285,169,182,273,306,269,171,173,255,GAGE PARK,141,133,-17,-16,-9,-8,-18,-5.2631578947368425,-5.614035087719298,-4.945054945054945,-5.673758865248227,-6.593406593406593
257,609876,DAVIS N,Nathan S Davis Elementary School,ES,False,True,True,True,41.821852,-87.700202,513,406,93,296,484,522,412,105,313,499,BRIGHTON PARK,217,209,9,6,17,-8,15,1.7543859649122806,1.477832512315271,5.743243243243243,-3.686635944700461,3.0991735537190084
258,609869,LANGFORD,Anna R. Langford Community Academy,ES,False,True,True,True,41.784681,-87.657169,184,162,23,12,24,179,137,27,16,30,WEST ENGLEWOOD,172,163,-5,-25,4,-9,6,-2.717391304347826,-15.432098765432098,33.333333333333336,-5.232558139534884,25.0
259,610034,LAWNDALE,Lawndale Elementary Community Academy,ES,False,True,True,True,41.86296,-87.712957,224,187,34,1,5,185,163,27,0,5,NORTH LAWNDALE,223,185,-39,-24,-1,-38,0,-17.410714285714285,-12.834224598930481,-100.0,-17.04035874439462,0.0
260,610369,JACKSON M,Mahalia Jackson Elementary School,ES,False,True,True,True,41.734125,-87.646767,348,272,90,3,5,309,266,87,5,8,AUBURN GRESHAM,345,304,-39,-6,2,-41,3,-11.206896551724139,-2.2058823529411766,66.66666666666667,-11.884057971014492,60.0
261,610125,RUIZ,Irma C Ruiz Elementary School,ES,False,True,True,True,41.848101,-87.680745,431,330,89,163,410,441,319,108,192,416,LOWER WEST SIDE,268,249,10,-11,29,-19,6,2.320185614849188,-3.3333333333333335,17.791411042944784,-7.08955223880597,1.4634146341463414
262,609777,ARMOUR,Phillip D Armour Elementary School,ES,False,True,True,True,41.833854,-87.650653,246,180,35,63,173,241,163,41,68,174,BRIDGEPORT,183,173,-5,-17,5,-10,1,-2.032520325203252,-9.444444444444445,7.936507936507937,-5.46448087431694,0.5780346820809249
263,610102,OGLESBY,Richard J Oglesby Elementary School,ES,False,True,True,True,41.75467,-87.645469,274,232,36,0,5,274,225,37,0,14,AUBURN GRESHAM,274,274,0,-7,0,0,9,0.0,-3.0172413793103448,,0.0,180.0
264,610191,STONE,Stone Elementary Scholastic Academy,ES,False,True,True,False,41.995359,-87.684793,555,303,42,162,66,554,308,53,177,66,WEST RIDGE,393,377,-1,5,15,-16,0,-0.18018018018018017,1.6501650165016502,9.25925925925926,-4.071246819338422,0.0
265,610004,CULLEN,Countee Cullen Elementary School,ES,False,True,True,False,41.700335,-87.611244,165,130,24,1,2,168,139,28,0,4,ROSELAND,164,168,3,9,-1,4,2,1.8181818181818181,6.923076923076923,-100.0,2.4390243902439024,100.0
266,609749,NORTHSIDE PREP HS,Northside College Preparatory High School,HS,True,False,False,False,41.981315,-87.708708,1041,369,96,19,299,1033,372,120,31,295,NORTH PARK,1022,1002,-8,3,12,-20,-4,-0.7684918347742555,0.8130081300813008,63.1578947368421,-1.9569471624266144,-1.3377926421404682
267,609922,BELMONT-CRAGIN,Belmont-Cragin Elementary School,ES,False,True,True,True,41.92095,-87.757343,499,334,86,369,481,524,367,91,365,501,BELMONT CRAGIN,130,159,25,33,-4,29,20,5.01002004008016,9.880239520958083,-1.084010840108401,22.307692307692307,4.158004158004158
268,609745,SOUTHSIDE HS,Southside Occupational Academy High School,HS,True,False,False,False,41.759852,-87.675947,350,296,350,82,121,368,284,368,86,134,WEST ENGLEWOOD,268,282,18,-12,4,14,13,5.142857142857143,-4.054054054054054,4.878048780487805,5.223880597014926,10.743801652892563
269,610153,RYDER,William H Ryder Math & Science Specialty ES,ES,False,True,True,True,41.735379,-87.638843,350,276,108,0,7,359,255,116,3,11,AUBURN GRESHAM,350,356,9,-21,3,6,4,2.5714285714285716,-7.608695652173913,inf,1.7142857142857142,57.142857142857146
270,609716,KELVYN PARK HS,Kelvyn Park High School,HS,True,True,False,False,41.927918,-87.735999,491,411,110,218,429,476,387,91,214,409,HERMOSA,273,262,-15,-24,-4,-11,-20,-3.054989816700611,-5.839416058394161,-1.834862385321101,-4.029304029304029,-4.662004662004662
271,610044,LOWELL,James Russell Lowell Elementary School,ES,False,True,True,True,41.90652,-87.710217,308,249,102,110,216,305,249,101,113,214,HUMBOLDT PARK,198,192,-3,0,3,-6,-2,-0.974025974025974,0.0,2.727272727272727,-3.0303030303030303,-0.9259259259259259
272,609705,FENGER HS,Christian Fenger Academy High School,HS,True,False,False,False,41.689951,-87.637572,237,186,52,4,9,206,172,51,3,5,ROSELAND,233,203,-31,-14,-1,-30,-4,-13.080168776371307,-7.526881720430108,-25.0,-12.875536480686696,-44.44444444444444
273,400084,ACERO - TAMAYO,Acero Charter Schools - Rufino Tamayo,ES,False,True,True,False,41.79993,-87.693862,268,215,40,178,264,269,223,39,170,267,GAGE PARK,90,99,1,8,-8,9,3,0.373134328358209,3.7209302325581395,-4.49438202247191,10.0,1.1363636363636365
274,610017,SAUCEDO,Maria Saucedo Elementary Scholastic Academy,ES,False,True,True,True,41.847941,-87.697316,883,706,151,360,832,855,699,171,375,804,SOUTH LAWNDALE,523,480,-28,-7,15,-43,-28,-3.1710079275198186,-0.9915014164305949,4.166666666666667,-8.221797323135755,-3.3653846153846154
275,610015,JUNGMAN,Joseph Jungman Elementary School,ES,False,True,True,True,41.858065,-87.652302,290,189,91,112,179,291,196,93,109,181,LOWER WEST SIDE,178,182,1,7,-3,4,2,0.3448275862068966,3.7037037037037037,-2.6785714285714284,2.247191011235955,1.1173184357541899
276,609935,GALLISTEL,Matthew Gallistel Elementary Language Academy,ES,False,True,True,True,41.706801,-87.535175,614,502,77,216,567,605,462,87,217,562,EAST SIDE,398,388,-9,-40,1,-10,-5,-1.4657980456026058,-7.968127490039841,0.46296296296296297,-2.512562814070352,-0.8818342151675485
277,610256,ROBINSON,Jackie Robinson Elementary School,ES,False,False,True,True,41.817349,-87.599067,118,77,14,1,3,112,75,12,1,4,OAKLAND,117,111,-6,-2,0,-6,1,-5.084745762711864,-2.5974025974025974,0.0,-5.128205128205129,33.333333333333336
278,609719,LAKE VIEW HS,Lake View High School,HS,True,False,False,False,41.954764,-87.668953,1335,1058,221,217,961,1404,1080,224,298,1029,LAKE VIEW,1118,1106,69,22,81,-12,68,5.168539325842697,2.0793950850661624,37.327188940092164,-1.073345259391771,7.075962539021853
279,610207,VANDERPOEL,John H Vanderpoel Elementary Magnet School,ES,False,True,True,False,41.720817,-87.665559,239,133,28,0,3,237,135,23,0,2,BEVERLY,239,237,-2,2,0,-2,-1,-0.8368200836820083,1.5037593984962405,,-0.8368200836820083,-33.333333333333336
280,609865,JORDAN,Jordan Elementary Community School,ES,False,True,True,True,42.017088,-87.677763,500,363,103,301,255,517,351,105,288,287,ROGERS PARK,199,229,17,-12,-13,30,32,3.4,-3.3057851239669422,-4.318936877076412,15.075376884422111,12.549019607843137
281,609708,FOREMAN HS,Edwin G. Foreman College and Career Academy,HS,True,False,False,False,41.939797,-87.754167,583,480,129,239,459,601,486,120,280,478,PORTAGE PARK,344,321,18,6,41,-23,19,3.0874785591766725,1.25,17.15481171548117,-6.686046511627907,4.139433551198257
282,610173,SHERWOOD,Jesse Sherwood Elementary School,ES,False,True,True,True,41.7908,-87.632279,207,163,55,5,7,211,168,68,8,14,ENGLEWOOD,202,203,4,5,3,1,7,1.932367149758454,3.067484662576687,60.0,0.49504950495049505,100.0
283,609713,HYDE PARK HS,Hyde Park Academy High School,HS,True,False,False,False,41.782257,-87.586615,701,636,125,8,5,809,731,147,11,7,WOODLAWN,693,798,108,95,3,105,2,15.406562054208274,14.937106918238994,37.5,15.151515151515152,40.0
284,610291,LEE,Richard Henry Lee Elementary School,ES,False,True,True,False,41.775305,-87.728884,621,520,97,171,608,578,483,96,159,566,WEST LAWN,450,419,-43,-37,-12,-31,-42,-6.9243156199677935,-7.115384615384615,-7.017543859649122,-6.888888888888889,-6.907894736842105
285,400029,CICS - WASHINGTON PARK,CICS - Washington Park,ES,False,True,True,False,41.783617,-87.622068,504,402,56,1,8,458,376,59,1,15,WASHINGTON PARK,503,457,-46,-26,0,-46,7,-9.126984126984127,-6.467661691542289,0.0,-9.145129224652088,87.5
286,610112,PARKER,Francis W Parker Elementary Community Academy,ES,False,True,True,True,41.77078,-87.634086,354,282,36,1,4,357,288,41,7,13,ENGLEWOOD,353,350,3,6,6,-3,9,0.847457627118644,2.127659574468085,600.0,-0.8498583569405099,225.0
287,610219,WASHINGTON G ES,George Washington Elementary School,ES,False,True,True,True,41.688131,-87.536015,633,440,90,102,569,615,413,105,118,556,EAST SIDE,531,497,-18,-27,16,-34,-13,-2.843601895734597,-6.136363636363637,15.686274509803921,-6.4030131826742,-2.2847100175746924
288,400120,ACERO - CLEMENTE,Acero Charter Schools - Roberto Clemente,ES,False,True,True,False,41.917952,-87.78783,459,342,76,215,425,464,362,80,218,421,BELMONT CRAGIN,244,246,5,20,3,2,-4,1.0893246187363834,5.847953216374269,1.3953488372093024,0.819672131147541,-0.9411764705882353
289,610539,CAMRAS,Marvin Camras Elementary School,ES,False,True,True,True,41.934931,-87.770127,790,575,123,384,719,720,526,128,348,658,BELMONT CRAGIN,406,372,-70,-49,-36,-34,-61,-8.860759493670885,-8.521739130434783,-9.375,-8.374384236453203,-8.484005563282336
290,609849,CASSELL,George F Cassell Elementary School,ES,False,True,True,False,41.687347,-87.703215,350,63,95,19,82,352,70,92,17,86,MOUNT GREENWOOD,331,335,2,7,-2,4,4,0.5714285714285714,11.11111111111111,-10.526315789473685,1.2084592145015105,4.878048780487805
291,400165,LEARN - MIDDLE,L.E.A.R.N. - Middle School Campus,ES,False,True,True,False,41.887413,-87.702704,276,244,49,2,12,187,169,25,2,13,EAST GARFIELD PARK,274,185,-89,-75,0,-89,1,-32.2463768115942,-30.737704918032787,0.0,-32.481751824817515,8.333333333333334
292,610109,OWEN,William Bishop Owen Scholastic Academy ES,ES,False,True,True,True,41.74285,-87.705749,265,144,30,1,4,275,145,38,3,11,ASHBURN,264,272,10,1,2,8,7,3.7735849056603774,0.6944444444444444,200.0,3.0303030303030303,175.0
293,609972,HAUGAN,Helge A Haugan Elementary School,ES,False,True,True,True,41.964029,-87.723128,889,681,176,593,748,980,694,208,658,829,ALBANY PARK,296,322,91,13,65,26,81,10.236220472440944,1.908957415565345,10.961214165261383,8.783783783783784,10.828877005347593
294,610257,MORTON,Morton School of Excellence,ES,False,True,True,True,41.889178,-87.705108,178,136,34,3,21,208,143,31,5,36,HUMBOLDT PARK,175,203,30,7,2,28,15,16.853932584269664,5.147058823529412,66.66666666666667,16.0,71.42857142857143
295,400130,YCCS - YOUTH DEVELOPMENT,YCCS-Community Youth Development Institute HS,HS,True,False,False,False,41.751377,-87.641731,59,52,7,2,2,79,52,19,4,4,AUBURN GRESHAM,57,75,20,0,2,18,2,33.898305084745765,0.0,100.0,31.57894736842105,100.0
296,400061,PERSPECTIVES - LEADERSHIP HS,Perspectives - Leadership Academy,HS,True,True,True,False,41.745961,-87.652045,643,562,95,1,5,834,723,121,2,11,CHATHAM,642,832,191,161,1,190,6,29.704510108864696,28.647686832740213,100.0,29.595015576323988,120.0
297,609827,BURNSIDE,Burnside Elementary Scholastic Academy,ES,False,True,True,True,41.728481,-87.607435,308,226,58,1,5,286,214,62,2,5,CHATHAM,307,284,-22,-12,1,-23,0,-7.142857142857143,-5.3097345132743365,100.0,-7.49185667752443,0.0
298,400011,LOCKE A,Alain Locke Charter School,ES,False,True,True,False,41.877248,-87.705235,317,266,45,0,4,371,274,56,0,4,EAST GARFIELD PARK,317,371,54,8,0,54,0,17.034700315457414,3.007518796992481,,17.034700315457414,0.0
299,610276,MOLLISON,Irvin C Mollison Elementary School,ES,False,True,True,True,41.814358,-87.616618,268,212,26,2,5,235,183,22,0,7,GRAND BOULEVARD,266,235,-33,-29,-2,-31,2,-12.313432835820896,-13.679245283018869,-100.0,-11.654135338345865,40.0
300,400026,CICS - LOOMIS,CICS - Loomis Primary,ES,False,False,True,False,41.720246,-87.657561,352,216,18,0,2,351,212,22,1,6,WASHINGTON HEIGHTS,352,350,-1,-4,1,-2,4,-0.2840909090909091,-1.8518518518518519,inf,-0.5681818181818182,200.0
301,609806,BRADWELL,Myra Bradwell Communications Arts & Sciences ES,ES,False,True,True,True,41.754365,-87.557142,433,336,53,2,11,412,322,56,0,24,SOUTH SHORE,431,412,-21,-14,-2,-19,13,-4.849884526558891,-4.166666666666667,-100.0,-4.408352668213457,118.18181818181819
302,610355,COURTENAY,Mary E Courtenay Elementary Language Arts Center,ES,False,True,True,True,41.962308,-87.663853,219,161,84,62,67,299,179,97,88,153,UPTOWN,157,211,80,18,26,54,86,36.529680365296805,11.180124223602485,41.935483870967744,34.394904458598724,128.3582089552239
303,610100,WEST PARK,West Park Elementary Academy,ES,False,True,True,True,41.906907,-87.732443,458,399,69,191,369,423,342,68,185,347,HUMBOLDT PARK,267,238,-35,-57,-6,-29,-22,-7.641921397379913,-14.285714285714286,-3.141361256544503,-10.861423220973784,-5.9620596205962055
304,610120,PECK,Ferdinand Peck Elementary School,ES,False,False,True,True,41.787899,-87.719216,803,549,84,500,779,752,557,88,478,732,WEST ELSDON,303,274,-51,8,-22,-29,-47,-6.35118306351183,1.4571948998178506,-4.4,-9.570957095709572,-6.033376123234916
305,609753,CHICAGO AGRICULTURE HS,Chicago High School for Agricultural Sciences,HS,True,False,False,False,41.691221,-87.71777,780,392,173,21,169,767,383,181,33,176,MOUNT GREENWOOD,759,734,-13,-9,12,-25,7,-1.6666666666666667,-2.295918367346939,57.142857142857146,-3.2938076416337285,4.1420118343195265
306,610362,EVERS,Medgar Evers Elementary School,ES,False,True,True,True,41.715665,-87.639305,219,152,24,2,11,203,147,30,0,10,WASHINGTON HEIGHTS,217,203,-16,-5,-2,-14,-1,-7.30593607305936,-3.289473684210526,-100.0,-6.451612903225806,-9.090909090909092
307,609976,HAYT,Stephen K Hayt Elementary School,ES,False,True,True,True,41.994541,-87.668504,877,618,144,452,374,843,578,142,457,351,EDGEWATER,425,386,-34,-40,5,-39,-23,-3.8768529076396807,-6.472491909385114,1.1061946902654867,-9.176470588235293,-6.149732620320855
308,400101,ACERO - CISNEROS,Acero Charter Schools - Sandra Cisneros,ES,False,True,True,False,41.822884,-87.693996,408,340,63,245,402,354,295,60,203,347,BRIGHTON PARK,163,151,-54,-45,-42,-12,-55,-13.235294117647058,-13.235294117647058,-17.142857142857142,-7.361963190184049,-13.681592039800995
309,609725,MORGAN PARK HS,Morgan Park High School,HS,True,True,False,False,41.692035,-87.665658,1075,805,164,10,24,1162,870,168,11,31,MORGAN PARK,1065,1151,87,65,1,86,7,8.093023255813954,8.074534161490684,10.0,8.075117370892018,29.166666666666668
310,609867,COOPER,Peter Cooper Elementary Dual Language Academy,ES,False,True,True,True,41.856031,-87.667227,404,350,59,232,392,408,313,66,222,384,LOWER WEST SIDE,172,186,4,-37,-10,14,-8,0.9900990099009901,-10.571428571428571,-4.310344827586207,8.13953488372093,-2.0408163265306123
311,609909,EVERETT,Edward Everett Elementary School,ES,False,False,True,True,41.831555,-87.68131,113,73,23,52,92,99,67,16,50,78,MCKINLEY PARK,61,49,-14,-6,-2,-12,-14,-12.389380530973451,-8.219178082191782,-3.8461538461538463,-19.672131147540984,-15.217391304347826
312,609718,KENNEDY HS,John F Kennedy High School,HS,True,False,False,False,41.789961,-87.78084,1621,1088,333,276,1320,1589,1020,310,308,1310,GARFIELD RIDGE,1345,1281,-32,-68,32,-64,-10,-1.974090067859346,-6.25,11.594202898550725,-4.758364312267658,-0.7575757575757576
313,609792,BATEMAN,Newton Bateman Elementary School,ES,False,True,True,True,41.95822,-87.702151,886,532,138,353,631,897,522,137,333,610,IRVING PARK,533,564,11,-10,-20,31,-21,1.2415349887133182,-1.8796992481203008,-5.665722379603399,5.816135084427767,-3.3280507131537242
314,609993,LARA,Agustin Lara Elementary Academy,ES,False,True,True,True,41.80977,-87.672182,320,260,57,185,294,331,272,66,197,302,NEW CITY,135,134,11,12,12,-1,8,3.4375,4.615384615384615,6.486486486486487,-0.7407407407407407,2.7210884353741496
315,609908,ESMOND,Esmond Elementary School,ES,False,True,True,True,41.68942,-87.669159,245,195,38,1,5,255,195,35,2,13,MORGAN PARK,244,253,10,0,1,9,8,4.081632653061225,0.0,100.0,3.6885245901639343,160.0
316,609839,CARROLL,Carroll-Rosenwald Specialty Elementary School,ES,False,True,True,True,41.742517,-87.696012,425,306,80,27,64,405,289,86,20,59,ASHBURN,398,385,-20,-17,-7,-13,-5,-4.705882352941177,-5.555555555555555,-25.925925925925927,-3.2663316582914574,-7.8125
317,610518,AUSTIN CCA HS,Austin College and Career Academy High School,HS,True,False,False,False,41.885993,-87.761916,176,144,45,3,7,168,124,40,4,16,AUSTIN,173,164,-8,-20,1,-9,9,-4.545454545454546,-13.88888888888889,33.333333333333336,-5.202312138728324,128.57142857142858
318,400146,KIPP - ACADEMY,KIPP Academy Chicago Campus,ES,False,True,True,False,41.891816,-87.746614,607,491,82,2,17,669,512,97,27,51,AUSTIN,605,642,62,21,25,37,34,10.214168039538714,4.276985743380855,1250.0,6.115702479338843,200.0
319,609710,HARLAN HS,John M Harlan Community Academy High School,HS,True,False,False,False,41.718372,-87.620623,272,226,66,5,5,201,172,35,10,11,ROSELAND,267,191,-71,-54,5,-76,6,-26.102941176470587,-23.893805309734514,100.0,-28.46441947565543,120.0
320,610212,ALBANY PARK,Albany Park Multicultural Academy,MS,False,True,False,False,41.971504,-87.710609,220,193,27,108,184,226,186,25,131,190,ALBANY PARK,112,95,6,-7,23,-17,6,2.727272727272727,-3.626943005181347,21.296296296296298,-15.178571428571429,3.260869565217391
321,610131,PLAMONDON,Ambrose Plamondon Elementary School,ES,False,True,True,False,41.860259,-87.692526,102,77,26,29,72,84,59,20,29,62,NORTH LAWNDALE,73,55,-18,-18,0,-18,-10,-17.647058823529413,-23.376623376623378,0.0,-24.65753424657534,-13.88888888888889
322,610357,SPRY HS,Spry Community Links High School,HS,True,False,False,False,41.847762,-87.698946,75,68,21,38,74,62,55,22,37,60,SOUTH LAWNDALE,37,25,-13,-13,-1,-12,-14,-17.333333333333332,-19.11764705882353,-2.6315789473684212,-32.432432432432435,-18.91891891891892
323,400028,CICS - PRAIRIE,CICS - Prairie,ES,False,True,True,False,41.684433,-87.616888,402,324,48,82,134,419,340,55,92,136,WEST PULLMAN,320,327,17,16,10,7,2,4.2288557213930345,4.938271604938271,12.195121951219512,2.1875,1.492537313432836
324,610165,SCHUBERT,Franz Peter Schubert Elementary School,ES,False,False,True,True,41.930403,-87.76119,543,420,68,342,512,552,425,68,368,529,BELMONT CRAGIN,201,184,9,5,26,-17,17,1.6574585635359116,1.1904761904761905,7.60233918128655,-8.457711442786069,3.3203125
325,400118,NOBLE - DRW HS,Noble - DRW College Prep,HS,True,False,False,False,41.869328,-87.711654,347,303,84,2,5,364,296,97,2,7,NORTH LAWNDALE,345,362,17,-7,0,17,2,4.899135446685879,-2.31023102310231,0.0,4.927536231884058,40.0
326,400068,PLATO,Plato Learning Academy,ES,False,True,True,False,41.87276,-87.763337,174,152,16,0,2,183,143,21,0,5,AUSTIN,174,183,9,-9,0,9,3,5.172413793103448,-5.921052631578948,,5.172413793103448,150.0
327,610295,HIGGINS,Thomas J Higgins Elementary Community Academy,ES,False,True,True,True,41.681031,-87.646994,264,212,34,5,16,276,216,39,5,21,WEST PULLMAN,259,271,12,4,0,12,5,4.545454545454546,1.8867924528301887,0.0,4.633204633204633,31.25
328,610103,OKEEFFE,Isabelle C O'Keeffe Elementary School,ES,False,True,True,True,41.768602,-87.572806,497,409,64,6,18,495,379,74,8,24,SOUTH SHORE,491,487,-2,-30,2,-4,6,-0.4024144869215292,-7.334963325183374,33.333333333333336,-0.814663951120163,33.333333333333336
329,609924,FORT DEARBORN,Fort Dearborn Elementary School,ES,False,True,True,True,41.729673,-87.655481,329,232,63,3,12,308,213,64,0,9,WASHINGTON HEIGHTS,326,308,-21,-19,-3,-18,-3,-6.382978723404255,-8.189655172413794,-100.0,-5.521472392638037,-25.0
330,609676,DUNBAR HS,Paul Laurence Dunbar Career Academy High School,HS,True,False,False,False,41.840226,-87.617637,447,418,104,5,15,370,328,85,6,13,DOUGLAS,442,364,-77,-90,1,-78,-2,-17.225950782997764,-21.5311004784689,20.0,-17.647058823529413,-13.333333333333334
331,609981,HEARST,Phoebe Apperson Hearst Elementary School,ES,False,True,True,True,41.808175,-87.745726,319,240,125,94,208,302,220,126,94,198,GARFIELD RIDGE,225,208,-17,-20,0,-17,-10,-5.329153605015674,-8.333333333333334,0.0,-7.555555555555555,-4.8076923076923075
332,610177,SKINNER,Mark Skinner Elementary School,ES,False,True,True,True,41.879103,-87.659419,991,239,55,122,124,1048,229,66,115,126,NEAR WEST SIDE,869,933,57,-10,-7,64,2,5.751765893037336,-4.184100418410042,-5.737704918032787,7.3647871116225545,1.6129032258064515
333,610143,REAVIS,William C Reavis Math & Science Specialty ES,ES,False,True,True,True,41.804174,-87.604925,289,207,76,12,4,268,173,71,8,1,KENWOOD,277,260,-21,-34,-4,-17,-3,-7.26643598615917,-16.42512077294686,-33.333333333333336,-6.137184115523466,-75.0
334,610167,SEWARD,William H Seward Communication Arts Academy ES,ES,False,True,True,True,41.810333,-87.668772,451,385,62,230,434,413,336,69,198,395,NEW CITY,221,215,-38,-49,-32,-6,-39,-8.425720620842572,-12.727272727272727,-13.91304347826087,-2.7149321266968327,-8.986175115207374
335,610155,SAUGANASH,Sauganash Elementary School,ES,False,True,True,True,41.991169,-87.745951,601,112,58,89,126,663,100,61,95,141,FOREST GLEN,512,568,62,-12,6,56,15,10.316139767054908,-10.714285714285714,6.741573033707865,10.9375,11.904761904761905
336,610147,ROGERS,Philip Rogers Elementary School,ES,False,True,True,True,42.015265,-87.697185,699,397,112,243,245,718,386,127,219,252,WEST RIDGE,456,499,19,-11,-24,43,7,2.7181688125894135,-2.770780856423174,-9.876543209876543,9.429824561403509,2.857142857142857
337,609939,GILLESPIE,Frank L Gillespie Elementary School,ES,False,True,True,True,41.725332,-87.623719,392,293,80,2,13,343,269,81,1,13,ROSELAND,390,342,-49,-24,-1,-48,0,-12.5,-8.19112627986348,-50.0,-12.307692307692308,0.0
338,400058,NLCP - CHRISTIANA HS,North Lawndale College Prep - Christiana,HS,True,False,False,False,41.858564,-87.708987,313,283,73,2,4,315,290,85,2,8,NORTH LAWNDALE,311,313,2,7,0,2,4,0.6389776357827476,2.4734982332155475,0.0,0.6430868167202572,100.0
339,400170,NOBLE - ACADEMY HS,Noble - The Noble Academy,HS,True,False,False,False,41.906879,-87.645577,590,453,83,109,299,521,423,72,97,251,NEAR NORTH SIDE,481,424,-69,-30,-12,-57,-48,-11.694915254237289,-6.622516556291391,-11.009174311926605,-11.85031185031185,-16.05351170568562
340,400172,ASPIRA - BUSINESS & FINANCE HS,ASPIRA Business and Finance,HS,True,False,False,False,41.935726,-87.718204,490,373,110,211,464,497,413,118,240,464,AVONDALE,279,257,7,40,29,-22,0,1.4285714285714286,10.723860589812332,13.744075829383887,-7.885304659498208,0.0
341,610047,MADISON,James Madison Elementary School,ES,False,True,True,True,41.759548,-87.590712,190,147,21,3,7,210,178,24,4,10,SOUTH SHORE,187,206,20,31,1,19,3,10.526315789473685,21.08843537414966,33.333333333333336,10.16042780748663,42.857142857142854
342,610216,WALSH,John A Walsh Elementary School,ES,False,True,True,True,41.854836,-87.648086,240,174,80,108,167,246,161,87,109,167,LOWER WEST SIDE,132,137,6,-13,1,5,0,2.5,-7.471264367816092,0.9259259259259259,3.787878787878788,0.0
343,400049,LEGACY,Legacy Charter School,ES,False,True,True,False,41.856859,-87.730348,447,378,65,5,22,454,377,68,7,28,NORTH LAWNDALE,442,447,7,-1,2,5,6,1.5659955257270695,-0.26455026455026454,40.0,1.1312217194570136,27.272727272727273
344,610529,OGDEN HS,Ogden International High School,HS,True,False,False,False,41.893548,-87.659405,488,344,47,29,176,509,349,54,48,180,WEST TOWN,459,461,21,5,19,2,4,4.30327868852459,1.4534883720930232,65.51724137931035,0.4357298474945534,2.272727272727273
345,609829,BURROUGHS,John C Burroughs Elementary School,ES,False,True,True,True,41.828868,-87.692457,324,279,43,142,299,307,263,56,131,279,BRIGHTON PARK,182,176,-17,-16,-11,-6,-20,-5.246913580246914,-5.734767025089606,-7.746478873239437,-3.2967032967032965,-6.688963210702341
346,610590,BRONZEVILLE CLASSICAL,Bronzeville Classical Elementary School,ES,False,True,True,False,41.819249,-87.626621,395,74,14,4,21,423,70,15,2,22,GRAND BOULEVARD,391,421,28,-4,-2,30,1,7.0886075949367084,-5.405405405405405,-50.0,7.672634271099744,4.761904761904762
347,400156,NOBLE - BUTLER HS,Noble - Butler College Prep,HS,True,False,False,False,41.706667,-87.602573,623,519,114,17,40,636,557,111,16,33,PULLMAN,606,620,13,38,-1,14,-7,2.086677367576244,7.321772639691715,-5.882352941176471,2.31023102310231,-17.5
348,610048,MANIERRE,George Manierre Elementary School,ES,False,True,True,True,41.908247,-87.639827,251,208,37,1,9,280,224,41,4,23,NEAR NORTH SIDE,250,276,29,16,3,26,14,11.55378486055777,7.6923076923076925,300.0,10.4,155.55555555555554
349,610396,TARKINGTON,Tarkington School of Excellence ES,ES,False,True,True,True,41.764407,-87.706445,863,711,132,311,688,851,709,142,343,689,CHICAGO LAWN,552,508,-12,-2,32,-44,1,-1.3904982618771726,-0.2812939521800281,10.289389067524116,-7.971014492753623,0.14534883720930233
350,400032,CICS - ELLISON HS,CICS - Ralph Ellison,HS,True,False,False,False,41.748382,-87.66898,205,177,45,6,7,220,181,47,2,8,AUBURN GRESHAM,199,218,15,4,-4,19,1,7.317073170731708,2.2598870056497176,-66.66666666666667,9.547738693467336,14.285714285714286
351,609788,BARNARD,Alice L Barnard Computer Math & Science Ctr ES,ES,False,True,True,True,41.705131,-87.658074,267,180,34,4,9,245,155,44,4,10,BEVERLY,263,241,-22,-25,0,-22,1,-8.239700374531836,-13.88888888888889,0.0,-8.365019011406844,11.11111111111111
352,610542,WEST RIDGE,West Ridge Elementary School,ES,False,True,True,True,42.002959,-87.705917,627,455,105,300,135,618,451,106,297,146,WEST RIDGE,327,321,-9,-4,-3,-6,11,-1.4354066985645932,-0.8791208791208791,-1.0,-1.834862385321101,8.148148148148149
353,610559,SHIELDS MIDDLE,James Shields Middle School,MS,False,True,True,False,41.806491,-87.68978,444,415,77,170,436,372,352,68,146,358,BRIGHTON PARK,274,226,-72,-63,-24,-48,-78,-16.216216216216218,-15.180722891566266,-14.117647058823529,-17.51824817518248,-17.889908256880734
354,609720,LANE TECH HS,Albert G Lane Technical High School,HS,True,True,False,False,41.946645,-87.691013,4476,1582,334,89,1550,4519,1647,413,122,1576,NORTH CENTER,4387,4397,43,65,33,10,26,0.9606791778373548,4.108723135271807,37.07865168539326,0.22794620469569182,1.6774193548387097
355,400144,YCCS - WEST,YCCS-West HS,HS,True,False,False,False,41.90224,-87.74881,65,54,15,3,10,61,47,14,2,9,AUSTIN,62,59,-4,-7,-1,-3,-1,-6.153846153846154,-12.962962962962964,-33.333333333333336,-4.838709677419355,-10.0
356,400159,CHRISTOPHER HOUSE,Christopher House Charter School,ES,False,True,True,True,41.922181,-87.757522,444,338,66,189,427,426,294,68,177,408,BELMONT CRAGIN,255,249,-18,-44,-12,-6,-19,-4.054054054054054,-13.017751479289942,-6.349206349206349,-2.3529411764705883,-4.4496487119437935
357,609873,CROWN,Crown Community Academy of Fine Arts Center ES,ES,False,True,True,True,41.852663,-87.71247,118,101,15,4,11,107,93,16,3,13,NORTH LAWNDALE,114,104,-11,-8,-1,-10,2,-9.322033898305085,-7.920792079207921,-25.0,-8.771929824561404,18.181818181818183
358,610342,SABIN,Albert R Sabin Elementary Magnet School,ES,False,True,True,True,41.906816,-87.68305,313,231,29,78,234,349,220,31,105,262,WEST TOWN,235,244,36,-11,27,9,28,11.501597444089457,-4.761904761904762,34.61538461538461,3.8297872340425534,11.965811965811966
359,400169,NOBLE - ITW SPEER HS,Noble - ITW David Speer Academy,HS,True,False,False,False,41.92563,-87.769808,1094,857,160,281,968,1091,966,154,353,954,BELMONT CRAGIN,813,738,-3,109,72,-75,-14,-0.2742230347349177,12.718786464410735,25.622775800711743,-9.22509225092251,-1.4462809917355373
360,610073,MITCHELL,Ellen Mitchell Elementary School,ES,False,True,True,True,41.892082,-87.683185,382,116,49,39,142,385,100,48,35,125,WEST TOWN,343,350,3,-16,-4,7,-17,0.7853403141361257,-13.793103448275861,-10.256410256410257,2.0408163265306123,-11.971830985915492
361,610172,SHERMAN,William T Sherman Elementary School,ES,False,True,True,True,41.799766,-87.650221,221,171,34,14,42,203,174,30,14,38,NEW CITY,207,189,-18,3,0,-18,-4,-8.144796380090497,1.7543859649122806,0.0,-8.695652173913043,-9.523809523809524
362,400121,ACERO - DE LA CRUZ,Acero Charter Schools - Sor Juana Inés de la Cruz,ES,True,True,True,False,42.016476,-87.684406,518,395,81,220,235,501,415,91,208,227,WEST RIDGE,298,293,-17,20,-12,-5,-8,-3.281853281853282,5.063291139240507,-5.454545454545454,-1.6778523489932886,-3.404255319148936
363,609907,ERICSON,Leif Ericson Elementary Scholastic Academy,ES,False,True,True,True,41.875744,-87.715804,355,293,27,0,3,315,245,28,0,4,EAST GARFIELD PARK,355,315,-40,-48,0,-40,1,-11.267605633802816,-16.38225255972696,,-11.267605633802816,33.333333333333336
364,609723,MARSHALL HS,John Marshall Metropolitan High School,HS,True,False,False,False,41.878444,-87.70805,194,163,57,1,3,168,141,52,2,8,EAST GARFIELD PARK,193,166,-26,-22,1,-27,5,-13.402061855670103,-13.496932515337424,100.0,-13.989637305699482,166.66666666666666
365,610274,JOHNSON,James Weldon Johnson Elementary School,ES,False,True,True,True,41.861836,-87.703139,225,188,30,3,12,207,178,30,3,9,NORTH LAWNDALE,222,204,-18,-10,0,-18,-3,-8.0,-5.319148936170213,0.0,-8.108108108108109,-25.0
366,610098,NOBEL,Alfred Nobel Elementary School,ES,False,True,True,True,41.906155,-87.729955,582,454,81,273,488,597,486,80,308,510,HUMBOLDT PARK,309,289,15,32,35,-20,22,2.577319587628866,7.048458149779735,12.820512820512821,-6.472491909385114,4.508196721311475
367,609983,HEDGES,James Hedges Elementary School,ES,False,True,True,True,41.807112,-87.673327,480,377,87,323,465,475,374,87,292,464,NEW CITY,157,183,-5,-3,-31,26,-1,-1.0416666666666667,-0.7957559681697612,-9.597523219814242,16.56050955414013,-0.21505376344086022
368,400091,CHICAGO TECH HS,Chicago Technology Academy High School,HS,True,False,False,False,41.863301,-87.659095,377,337,85,15,58,392,361,85,22,50,NEAR WEST SIDE,362,370,15,24,7,8,-8,3.9787798408488064,7.121661721068249,46.666666666666664,2.2099447513812156,-13.793103448275861
369,610569,OMBUDSMAN - NORTHWEST HS,Ombudsman Chicago- Northwest,HS,True,False,False,False,42.017171,-87.806682,169,119,32,24,93,229,160,51,32,136,EDISON PARK,145,197,60,41,8,52,43,35.50295857988166,34.45378151260504,33.333333333333336,35.86206896551724,46.236559139784944
370,400053,NOBLE - GOLDER HS,Noble - Golder College Prep,HS,True,False,False,False,41.895282,-87.664483,643,508,97,155,474,647,538,105,171,439,WEST TOWN,488,476,4,30,16,-12,-35,0.6220839813374806,5.905511811023622,10.32258064516129,-2.459016393442623,-7.383966244725738
371,610385,MULTICULTURAL ARTS HS,Multicultural Arts High School,HS,True,False,False,False,41.835282,-87.735283,263,223,52,104,216,252,203,46,121,213,SOUTH LAWNDALE,159,131,-11,-20,17,-28,-3,-4.182509505703422,-8.968609865470851,16.346153846153847,-17.61006289308176,-1.3888888888888888
372,609715,KELLY HS,Thomas Kelly College Preparatory,HS,True,False,False,False,41.818729,-87.694639,1716,1581,307,649,1424,1694,1539,302,719,1427,BRIGHTON PARK,1067,975,-22,-42,70,-92,3,-1.2820512820512822,-2.6565464895635675,10.785824345146379,-8.622305529522025,0.21067415730337077
373,610287,ASHBURN,Ashburn Community Elementary School,ES,False,True,True,True,41.742351,-87.70961,355,267,65,33,64,328,240,70,35,66,ASHBURN,322,293,-27,-27,2,-29,2,-7.605633802816901,-10.112359550561798,6.0606060606060606,-9.006211180124224,3.125
374,609729,SCHURZ HS,Carl Schurz High School,HS,True,False,False,False,41.946365,-87.735612,1279,1095,285,430,1066,1199,985,273,502,1001,IRVING PARK,849,697,-80,-110,72,-152,-65,-6.254886630179828,-10.045662100456621,16.74418604651163,-17.90341578327444,-6.097560975609756
375,609800,BENNETT,Frank I Bennett Elementary School,ES,False,True,True,True,41.710435,-87.61739,266,179,24,0,3,265,190,27,0,4,ROSELAND,266,265,-1,11,0,-1,1,-0.37593984962406013,6.145251396648045,,-0.37593984962406013,33.333333333333336
376,610039,VON LINNE,Carl von Linne Elementary School,ES,False,True,True,True,41.940009,-87.702635,623,327,89,159,456,674,315,98,197,485,AVONDALE,464,477,51,-12,38,13,29,8.186195826645266,-3.669724770642202,23.89937106918239,2.8017241379310347,6.359649122807017
377,400013,ASPIRA - EARLY COLLEGE HS,ASPIRA Charter School - Early College High School,HS,True,False,False,False,41.937298,-87.727096,262,226,65,138,251,257,206,48,134,245,AVONDALE,124,123,-5,-20,-4,-1,-6,-1.9083969465648856,-8.849557522123893,-2.898550724637681,-0.8064516129032258,-2.3904382470119523
378,609964,HAMLINE,John H Hamline Elementary School,ES,False,True,True,True,41.807242,-87.661175,542,447,109,332,492,571,458,120,363,527,NEW CITY,210,208,29,11,31,-2,35,5.350553505535055,2.460850111856823,9.337349397590362,-0.9523809523809523,7.1138211382113825
379,610197,TALCOTT,Mancel Talcott Elementary School,ES,False,True,True,True,41.892405,-87.673723,446,279,90,224,364,467,288,99,241,386,WEST TOWN,222,226,21,9,17,4,22,4.708520179372197,3.225806451612903,7.589285714285714,1.8018018018018018,6.043956043956044
380,609779,ARMSTRONG G,George Armstrong International Studies ES,ES,False,True,True,True,42.01015,-87.684442,1236,925,150,551,463,1248,931,158,586,451,WEST RIDGE,685,662,12,6,35,-23,-12,0.970873786407767,0.6486486486486487,6.352087114337568,-3.3576642335766422,-2.591792656587473
381,609862,COLES,Edward Coles Elementary Language Academy,ES,False,True,True,True,41.741413,-87.56597,265,194,36,11,12,251,203,43,8,11,SOUTH CHICAGO,254,243,-14,9,-3,-11,-1,-5.283018867924528,4.639175257731959,-27.272727272727273,-4.330708661417323,-8.333333333333334
382,610513,AIR FORCE HS,Air Force Academy High School,HS,True,False,False,False,41.828145,-87.632757,137,113,14,21,49,119,94,23,27,45,ARMOUR SQUARE,116,92,-18,-19,6,-24,-4,-13.138686131386862,-16.8141592920354,28.571428571428573,-20.689655172413794,-8.16326530612245
383,609856,CLAY,Henry Clay Elementary School,ES,False,True,True,True,41.654558,-87.544614,548,414,63,178,400,586,423,66,163,398,HEGEWISCH,370,423,38,9,-15,53,-2,6.934306569343065,2.1739130434782608,-8.426966292134832,14.324324324324325,-0.5
384,610005,HUGHES C,Charles Evans Hughes Elementary School,ES,False,True,True,True,41.860518,-87.731777,192,146,36,3,11,154,105,22,6,17,NORTH LAWNDALE,189,148,-38,-41,3,-41,6,-19.791666666666668,-28.08219178082192,100.0,-21.693121693121693,54.54545454545455
385,610389,ORR HS,Orr Academy High School,HS,True,False,False,False,41.894449,-87.726166,236,192,56,18,51,210,158,47,35,70,HUMBOLDT PARK,218,175,-26,-34,17,-43,19,-11.016949152542374,-17.708333333333332,94.44444444444444,-19.724770642201836,37.254901960784316
386,609949,GRAY,William P Gray Elementary School,ES,False,True,True,True,41.948764,-87.757116,1004,744,152,386,832,993,718,141,388,829,PORTAGE PARK,618,605,-11,-26,2,-13,-3,-1.095617529880478,-3.4946236559139785,0.5181347150259067,-2.103559870550162,-0.3605769230769231
387,610548,STEM,STEM Magnet Academy,ES,False,True,True,False,41.868576,-87.664969,396,148,24,45,82,403,175,32,42,74,NEAR WEST SIDE,351,361,7,27,-3,10,-8,1.7676767676767677,18.243243243243242,-6.666666666666667,2.849002849002849,-9.75609756097561
388,609897,EARLE,Charles W Earle Elementary School,ES,False,True,True,True,41.781225,-87.675547,247,196,42,30,35,266,216,61,32,47,WEST ENGLEWOOD,217,234,19,20,2,17,12,7.6923076923076925,10.204081632653061,6.666666666666667,7.8341013824884795,34.285714285714285
389,400116,MONTESSORI ENGLEWOOD,The Montessori School of Englewood Charter,ES,False,True,True,True,41.774572,-87.676147,330,267,56,34,50,342,270,57,29,70,WEST ENGLEWOOD,296,313,12,3,-5,17,20,3.6363636363636362,1.1235955056179776,-14.705882352941176,5.743243243243243,40.0
390,610254,DVORAK,Dvorak Technology Academy,ES,False,True,True,True,41.858883,-87.715744,274,235,44,1,14,276,232,45,12,30,NORTH LAWNDALE,273,264,2,-3,11,-9,16,0.7299270072992701,-1.2765957446808511,1100.0,-3.2967032967032965,114.28571428571429
391,400167,HORIZON - SOUTHWEST,Horizon Science Academy Southwest Chicago Charter,ES,True,True,True,False,41.795201,-87.683963,738,645,75,207,524,764,625,88,226,550,GAGE PARK,531,538,26,-20,19,7,26,3.5230352303523036,-3.10077519379845,9.178743961352657,1.3182674199623352,4.961832061068702
392,609975,HAY,John Hay Elementary Community Academy,ES,False,True,True,True,41.899171,-87.755813,265,229,33,23,45,254,197,27,24,56,AUSTIN,242,230,-11,-32,1,-12,11,-4.150943396226415,-13.973799126637555,4.3478260869565215,-4.958677685950414,24.444444444444443
393,609870,CORKERY,Daniel J Corkery Elementary School,ES,False,True,True,True,41.845602,-87.731193,431,361,81,237,357,406,325,81,228,340,SOUTH LAWNDALE,194,178,-25,-36,-9,-16,-17,-5.800464037122969,-9.97229916897507,-3.7974683544303796,-8.24742268041237,-4.761904761904762
394,610194,SUMNER,Charles Sumner  Math & Science Community Acad ES,ES,False,True,True,True,41.870828,-87.733524,200,163,26,0,1,200,153,34,1,2,WEST GARFIELD PARK,200,199,0,-10,1,-1,1,0.0,-6.134969325153374,inf,-0.5,100.0
395,609833,DAISY BATES,Daisy Bates Academy of Social Justice,ES,False,True,True,True,41.739226,-87.580729,220,164,31,0,0,212,172,28,0,2,AVALON PARK,220,212,-8,8,0,-8,2,-3.6363636363636362,4.878048780487805,,-3.6363636363636362,inf
396,400131,YCCS - CAMPOS,YCCS-Dr. Pedro Albizu Campos Puerto Rican HS,HS,True,False,False,False,41.90285,-87.696006,97,77,20,17,66,128,87,26,19,88,WEST TOWN,80,109,31,10,2,29,22,31.95876288659794,12.987012987012987,11.764705882352942,36.25,33.333333333333336
397,609692,SIMEON HS,Neal F Simeon Career Academy High School,HS,True,False,False,False,41.745781,-87.63541,1142,1043,170,8,9,1077,932,163,6,11,CHATHAM,1134,1071,-65,-111,-2,-63,2,-5.691768826619965,-10.642377756471717,-25.0,-5.555555555555555,22.22222222222222
398,610022,KILMER,Joyce Kilmer Elementary School,ES,False,True,True,True,42.00364,-87.668222,743,566,156,411,323,779,558,184,418,317,ROGERS PARK,332,361,36,-8,7,29,-6,4.8452220726783315,-1.4134275618374559,1.70316301703163,8.734939759036145,-1.8575851393188854
399,400082,ACERO - FUENTES,Acero Charter Schools - Carlos Fuentes,ES,False,True,True,False,41.937476,-87.699594,401,338,58,202,393,397,325,66,207,390,AVONDALE,199,190,-4,-13,5,-9,-3,-0.9975062344139651,-3.8461538461538463,2.4752475247524752,-4.522613065326633,-0.7633587786259542
400,610036,LEWIS,Leslie Lewis Elementary School,ES,False,True,True,True,41.906826,-87.75455,378,299,53,90,153,406,336,67,120,187,AUSTIN,288,286,28,37,30,-2,34,7.407407407407407,12.37458193979933,33.333333333333336,-0.6944444444444444,22.22222222222222
401,400025,CICS - BUCKTOWN,CICS - Bucktown,ES,False,True,True,False,41.922415,-87.681358,626,467,86,128,474,544,409,94,107,395,LOGAN SQUARE,498,437,-82,-58,-21,-61,-79,-13.099041533546325,-12.419700214132762,-16.40625,-12.248995983935743,-16.666666666666668
402,400117,NOBLE - HANSBERRY HS,Noble - Hansberry College Prep,HS,True,False,False,False,41.734442,-87.650987,481,376,97,3,5,514,392,108,4,5,AUBURN GRESHAM,478,510,33,16,1,32,0,6.860706860706861,4.25531914893617,33.333333333333336,6.694560669456067,0.0
403,609803,BLAINE,James G Blaine Elementary School,ES,False,True,True,True,41.950781,-87.664968,631,65,86,25,97,627,62,84,28,101,LAKE VIEW,606,599,-4,-3,3,-7,4,-0.6339144215530903,-4.615384615384615,12.0,-1.155115511551155,4.123711340206185
404,610002,HOYNE,Thomas Hoyne Elementary School,ES,False,True,True,True,41.733338,-87.568228,235,162,28,1,4,247,150,37,2,6,CALUMET HEIGHTS,234,245,12,-12,1,11,2,5.1063829787234045,-7.407407407407407,100.0,4.700854700854701,50.0
405,610077,MORRILL,Donald Morrill Math & Science Elementary School,ES,False,True,True,True,41.784313,-87.688549,504,413,63,244,353,496,412,63,236,351,CHICAGO LAWN,260,260,-8,-1,-8,0,-2,-1.5873015873015872,-0.24213075060532688,-3.278688524590164,0.0,-0.56657223796034
406,400161,CHICAGO COLLEGIATE,Chicago Collegiate Charter School,HS,True,True,True,False,41.679318,-87.617968,247,215,44,1,4,242,195,52,1,6,WEST PULLMAN,246,241,-5,-20,0,-5,2,-2.0242914979757085,-9.30232558139535,0.0,-2.032520325203252,50.0
407,610081,SHERIDAN,Mark Sheridan Math & Science Academy,ES,False,True,True,False,41.8444,-87.64134,529,252,46,60,104,530,276,46,65,111,BRIDGEPORT,469,465,1,24,5,-4,7,0.1890359168241966,9.523809523809524,8.333333333333334,-0.8528784648187633,6.730769230769231
408,610230,WILDWOOD,Wildwood IB World Magnet School,ES,False,True,True,True,42.007491,-87.778345,467,75,61,39,93,496,64,59,38,100,FOREST GLEN,428,458,29,-11,-1,30,7,6.209850107066381,-14.666666666666666,-2.5641025641025643,7.009345794392523,7.526881720430108
409,609722,MANLEY HS,Manley Career Academy High School,HS,True,False,False,False,41.870939,-87.699896,71,53,27,0,5,79,60,25,0,3,EAST GARFIELD PARK,71,79,8,7,0,8,-2,11.267605633802816,13.20754716981132,,11.267605633802816,-40.0
410,610060,CHICAGO WORLD LANGUAGE ACADEMY,Chicago World Language Academy,ES,False,True,True,False,41.8743,-87.660985,449,161,47,70,143,453,178,62,59,138,NEAR WEST SIDE,379,394,4,17,-11,15,-5,0.89086859688196,10.559006211180124,-15.714285714285714,3.9577836411609497,-3.4965034965034967
411,610201,THORP O,Ole A Thorp Elementary Scholastic Academy,ES,False,True,True,False,41.948571,-87.777631,789,302,142,66,438,824,306,144,73,465,DUNNING,723,751,35,4,7,28,27,4.435994930291508,1.3245033112582782,10.606060606060606,3.872752420470263,6.164383561643835
412,400094,EPIC HS,EPIC Academy Charter High School,HS,True,False,False,False,41.744849,-87.550222,325,306,81,60,130,266,240,56,57,109,SOUTH CHICAGO,265,209,-59,-66,-3,-56,-21,-18.153846153846153,-21.568627450980394,-5.0,-21.132075471698112,-16.153846153846153
413,609760,CARVER MILITARY HS,George Washington Carver Military Academy HS,HS,True,False,False,False,41.65629,-87.59062,406,355,47,54,234,411,337,58,78,238,RIVERDALE,352,333,5,-18,24,-19,4,1.2315270935960592,-5.070422535211268,44.44444444444444,-5.3977272727272725,1.7094017094017093
414,610515,DISNEY II ES,Disney II Magnet School,ES,False,False,True,True,41.950461,-87.730678,430,128,49,61,179,431,112,54,49,175,IRVING PARK,369,382,1,-16,-12,13,-4,0.23255813953488372,-12.5,-19.672131147540984,3.5230352303523036,-2.2346368715083798
415,400033,CICS - LONGWOOD,CICS - Longwood,HS,True,True,True,False,41.721221,-87.655768,1241,972,205,7,7,1216,1020,203,7,11,WASHINGTON HEIGHTS,1234,1209,-25,48,0,-25,4,-2.0145044319097503,4.938271604938271,0.0,-2.025931928687196,57.142857142857146
416,609973,ZAPATA,Emiliano Zapata Elementary Academy,ES,False,True,True,True,41.841394,-87.734313,520,418,97,300,518,521,402,108,294,515,SOUTH LAWNDALE,220,227,1,-16,-6,7,-3,0.19230769230769232,-3.827751196172249,-2.0,3.1818181818181817,-0.5791505791505791
417,609682,RICHARDS HS,Ellen H Richards Career Academy High School,HS,True,False,False,False,41.802881,-87.662278,273,236,61,96,144,277,216,51,113,166,NEW CITY,177,164,4,-20,17,-13,22,1.465201465201465,-8.474576271186441,17.708333333333332,-7.344632768361582,15.277777777777779
418,610124,WASHINGTON H ES,Harold Washington Elementary School,ES,False,True,True,True,41.728534,-87.596257,246,185,26,0,9,235,190,24,0,15,BURNSIDE,246,235,-11,5,0,-11,6,-4.471544715447155,2.7027027027027026,,-4.471544715447155,66.66666666666667
419,610339,STAGG,Amos Alonzo Stagg Elementary School,ES,False,True,True,True,41.758925,-87.649217,401,307,79,13,22,391,268,75,10,33,ENGLEWOOD,388,381,-10,-39,-3,-7,11,-2.493765586034913,-12.703583061889251,-23.076923076923077,-1.8041237113402062,50.0
420,610010,JAHN,Friedrich L. Jahn Elementary of the Fine Arts,ES,False,True,True,True,41.939247,-87.67581,290,120,59,49,124,315,120,60,41,142,NORTH CENTER,241,274,25,0,-8,33,18,8.620689655172415,0.0,-16.3265306122449,13.692946058091286,14.516129032258064
421,610196,SWIFT,George B Swift Elementary Specialty School,ES,False,True,True,True,41.989139,-87.658296,547,363,104,290,154,595,338,117,357,219,EDGEWATER,257,238,48,-25,67,-19,65,8.775137111517367,-6.887052341597796,23.103448275862068,-7.392996108949417,42.20779220779221
422,610380,WILLIAMS HS,Daniel Hale Williams Prep School of Medicine,HS,True,False,False,False,41.806118,-87.62503,71,65,13,1,1,79,71,12,1,1,GRAND BOULEVARD,70,78,8,6,0,8,0,11.267605633802816,9.23076923076923,0.0,11.428571428571429,0.0
423,609844,CARTER,William W Carter Elementary School,ES,False,True,True,True,41.789828,-87.622453,291,236,17,2,8,278,210,28,3,8,WASHINGTON PARK,289,275,-13,-26,1,-14,0,-4.4673539518900345,-11.016949152542374,50.0,-4.844290657439446,0.0
424,400034,CICS - NORTHTOWN HS,CICS - Northtown,HS,True,False,False,False,41.990245,-87.726504,891,692,200,250,545,837,636,180,293,508,NORTH PARK,641,544,-54,-56,43,-97,-37,-6.0606060606060606,-8.092485549132949,17.2,-15.132605304212168,-6.7889908256880735
425,610504,THOMAS,Velma F Thomas Early Childhood Center,ES,False,False,False,True,41.827775,-87.677542,135,41,48,75,106,130,46,52,69,102,MCKINLEY PARK,60,61,-5,5,-6,1,-4,-3.7037037037037037,12.195121951219512,-8.0,1.6666666666666667,-3.7735849056603774
426,610279,TANNER,Henry O Tanner Elementary School,ES,False,True,True,True,41.760673,-87.606791,310,241,61,3,10,249,211,56,2,9,GREATER GRAND CROSSING,307,247,-61,-30,-1,-60,-1,-19.677419354838708,-12.448132780082988,-33.333333333333336,-19.54397394136808,-10.0
427,609912,FARNSWORTH,James B Farnsworth Elementary School,ES,False,True,True,True,41.97979,-87.766072,486,256,140,199,211,505,275,147,192,216,JEFFERSON PARK,287,313,19,19,-7,26,5,3.909465020576132,7.421875,-3.5175879396984926,9.059233449477352,2.3696682464454977
428,400115,CATALYST - MARIA,Catalyst - Maria Charter School,ES,True,True,True,False,41.770992,-87.693075,552,464,65,143,262,544,477,70,133,254,CHICAGO LAWN,409,411,-8,13,-10,2,-8,-1.4492753623188406,2.8017241379310347,-6.993006993006993,0.4889975550122249,-3.053435114503817
429,610524,ALCOTT HS,Louisa May Alcott College Preparatory HS,HS,True,False,False,False,41.935795,-87.680562,353,245,122,77,227,371,265,134,106,236,NORTH CENTER,276,265,18,20,29,-11,9,5.09915014164306,8.16326530612245,37.66233766233766,-3.9855072463768115,3.9647577092511015
430,609863,COLUMBUS,Christopher Columbus Elementary School,ES,False,True,True,True,41.899566,-87.681938,292,110,11,146,66,273,180,16,141,60,WEST TOWN,146,132,-19,70,-5,-14,-6,-6.506849315068493,63.63636363636363,-3.4246575342465753,-9.58904109589041,-9.090909090909092
431,609943,OWENS,Jesse Owens Elementary Community Academy,ES,False,True,True,True,41.670618,-87.622546,343,261,63,7,12,332,268,69,10,15,WEST PULLMAN,336,322,-11,7,3,-14,3,-3.206997084548105,2.681992337164751,42.857142857142854,-4.166666666666667,25.0
432,609748,YORK HS,Consuella B York Alternative HS,HS,True,False,False,False,41.842533,-87.695261,184,123,70,3,43,166,111,62,5,29,SOUTH LAWNDALE,181,161,-18,-12,2,-20,-14,-9.782608695652174,-9.75609756097561,66.66666666666667,-11.049723756906078,-32.55813953488372
433,610299,KING ES,Dr. Martin L. King Jr Academy of Social Justice,ES,False,True,True,True,41.765335,-87.641335,242,209,31,2,8,229,187,27,3,24,ENGLEWOOD,240,226,-13,-22,1,-14,16,-5.371900826446281,-10.526315789473685,50.0,-5.833333333333333,200.0
434,609874,DIRKSEN,Everett McKinley Dirksen Elementary School,ES,False,True,True,True,41.973715,-87.841041,1096,637,105,703,151,1196,580,109,726,120,OHARE,393,470,100,-57,23,77,-31,9.124087591240876,-8.948194662480377,3.271692745376956,19.59287531806616,-20.52980132450331
435,609810,BRIDGE,Norman A Bridge Elementary School,ES,False,True,True,True,41.949114,-87.798669,1090,579,150,329,612,1102,526,179,356,640,DUNNING,761,746,12,-53,27,-15,28,1.1009174311926606,-9.153713298791018,8.206686930091186,-1.971090670170828,4.57516339869281
436,610329,OROZCO,Orozco Fine Arts & Sciences Elementary School,ES,False,True,True,True,41.857755,-87.67521,278,187,33,147,273,268,186,37,140,259,LOWER WEST SIDE,131,128,-10,-1,-7,-3,-14,-3.597122302158273,-0.5347593582887701,-4.761904761904762,-2.2900763358778624,-5.128205128205129
437,609780,MARINE LEADERSHIP AT AMES HS,Marine Leadership Academy at Ames,HS,True,True,False,False,41.916045,-87.721742,686,638,80,212,653,631,581,84,244,594,LOGAN SQUARE,474,387,-55,-57,32,-87,-59,-8.017492711370263,-8.934169278996865,15.09433962264151,-18.354430379746834,-9.03522205206738
438,610589,SOR JUANA,Sor Juana Ines de la Cruz ES,ES,False,True,True,True,41.789597,-87.72638,397,169,26,99,360,489,218,35,100,441,WEST ELSDON,298,389,92,49,1,91,81,23.173803526448363,28.994082840236686,1.0101010101010102,30.536912751677853,22.5
439,610054,MARSH,John L Marsh Elementary School,ES,False,True,True,True,41.716588,-87.552483,647,500,115,218,559,611,460,125,202,523,SOUTH DEERING,429,409,-36,-40,-16,-20,-36,-5.564142194744977,-8.0,-7.339449541284404,-4.662004662004662,-6.440071556350627
440,609978,SMITH,Wendell Smith Elementary School,ES,False,True,True,True,41.707558,-87.60466,322,232,38,0,8,361,287,57,5,12,PULLMAN,322,356,39,55,5,34,4,12.111801242236025,23.70689655172414,inf,10.559006211180124,50.0
441,609746,KENWOOD HS,Kenwood Academy High School,HS,True,True,False,False,41.803772,-87.590421,2299,1294,126,31,105,2285,1288,121,33,123,KENWOOD,2268,2252,-14,-6,2,-16,18,-0.6089604175728578,-0.46367851622874806,6.451612903225806,-0.7054673721340388,17.142857142857142
442,400149,ACERO - SOTO HS,Acero Charter Schools - Victoria Soto,HS,True,False,False,False,41.801762,-87.711025,562,536,85,227,555,564,430,98,272,559,GAGE PARK,335,292,2,-106,45,-43,4,0.35587188612099646,-19.776119402985074,19.823788546255507,-12.835820895522389,0.7207207207207207
443,610565,EXCEL ENGLEWOOD HS,Excel Academy of Englewood,HS,True,True,False,False,41.763896,-87.649124,220,174,36,2,6,205,152,31,4,9,ENGLEWOOD,218,201,-15,-22,2,-17,3,-6.818181818181818,-12.64367816091954,100.0,-7.798165137614679,50.0
444,400017,ASPIRA - HAUGAN,ASPIRA Charter School - Haugan Middle School,MS,False,True,True,False,41.966406,-87.721825,103,88,7,57,90,83,69,10,46,76,ALBANY PARK,46,37,-20,-19,-11,-9,-14,-19.41747572815534,-21.59090909090909,-19.29824561403509,-19.565217391304348,-15.555555555555555
445,610340,CHICAGO ACADEMY HS,Chicago Academy High School,HS,True,False,False,False,41.943054,-87.776847,556,440,110,113,419,556,448,108,144,423,DUNNING,443,412,0,8,31,-31,4,0.0,1.8181818181818181,27.43362831858407,-6.997742663656885,0.954653937947494
446,609941,RANDOLPH,Asa Philip Randolph Elementary School,ES,False,True,True,True,41.760614,-87.675966,331,263,30,36,53,294,244,33,31,49,WEST ENGLEWOOD,295,263,-37,-19,-5,-32,-4,-11.178247734138973,-7.224334600760456,-13.88888888888889,-10.847457627118644,-7.547169811320755
447,400105,URBAN PREP - BRONZEVILLE HS,Urban Prep Academy for Young Men - Bronzeville,HS,True,False,False,False,41.831118,-87.613629,218,171,57,2,2,170,124,43,3,4,DOUGLAS,216,167,-48,-47,1,-49,2,-22.01834862385321,-27.485380116959064,50.0,-22.685185185185187,100.0
448,609917,FERNWOOD,Fernwood Elementary School,ES,False,True,True,True,41.711184,-87.640414,268,215,28,1,4,257,196,35,2,4,WASHINGTON HEIGHTS,267,255,-11,-19,1,-12,0,-4.104477611940299,-8.837209302325581,100.0,-4.49438202247191,0.0
449,609812,BROWN W,William H Brown Elementary School,ES,False,True,True,True,41.882997,-87.670682,217,152,68,6,13,272,232,85,10,12,NEAR WEST SIDE,211,262,55,80,4,51,-1,25.34562211981567,52.63157894736842,66.66666666666667,24.170616113744074,-7.6923076923076925
450,609808,HALEY,Alex Haley Elementary Academy,ES,False,True,True,True,41.68666,-87.633632,445,369,70,3,23,449,355,73,4,31,ROSELAND,442,445,4,-14,1,3,8,0.898876404494382,-3.794037940379404,33.333333333333336,0.6787330316742082,34.78260869565217
451,610092,NASH,Henry H Nash Elementary School,ES,False,True,True,True,41.89181,-87.747936,236,179,31,17,30,264,179,52,30,62,AUSTIN,219,234,28,0,13,15,32,11.864406779661017,0.0,76.47058823529412,6.8493150684931505,106.66666666666667
452,610074,MONROE,James Monroe Elementary School,ES,False,True,True,True,41.929989,-87.719224,653,529,109,213,598,631,493,109,206,578,LOGAN SQUARE,440,425,-22,-36,-7,-15,-20,-3.3690658499234303,-6.805293005671078,-3.2863849765258215,-3.409090909090909,-3.3444816053511706
453,610334,RABY HS,Al Raby High School,HS,True,False,False,False,41.88621,-87.715423,177,162,80,12,17,150,136,79,13,16,EAST GARFIELD PARK,165,137,-27,-26,1,-28,-1,-15.254237288135593,-16.049382716049383,8.333333333333334,-16.96969696969697,-5.882352941176471
454,609928,FULLER,Melville W Fuller Elementary School,ES,False,True,True,True,41.818003,-87.611784,319,241,48,0,6,293,244,45,0,8,GRAND BOULEVARD,319,293,-26,3,0,-26,2,-8.150470219435737,1.2448132780082988,,-8.150470219435737,33.333333333333336
455,400104,INSTITUTO - HEALTH,Instituto Health Sciences Career Academy,HS,True,False,False,False,41.845967,-87.68724,622,524,126,301,591,545,427,104,290,520,LOWER WEST SIDE,321,255,-77,-97,-11,-66,-71,-12.379421221864952,-18.51145038167939,-3.654485049833887,-20.560747663551403,-12.013536379018612
456,610003,CUFFE,Paul Cuffe Math-Science Technology Academy ES,ES,False,True,True,True,41.742452,-87.653633,228,158,37,1,3,239,176,60,2,3,AUBURN GRESHAM,227,237,11,18,1,10,0,4.824561403508772,11.39240506329114,100.0,4.405286343612334,0.0
457,609774,ALCOTT ES,Louisa May Alcott College Preparatory ES,ES,False,True,True,True,41.92985,-87.646413,602,62,70,29,92,572,53,62,34,92,LINCOLN PARK,573,538,-30,-9,5,-35,0,-4.983388704318937,-14.516129032258064,17.24137931034483,-6.108202443280978,0.0
458,610065,TILL,Emmett Louis Till Math and Science Academy,ES,False,True,True,True,41.775424,-87.609357,317,257,50,0,13,325,256,45,0,6,WOODLAWN,317,325,8,-1,0,8,-7,2.5236593059936907,-0.38910505836575876,,2.5236593059936907,-53.84615384615385
459,610250,SALAZAR,Ruben Salazar Elementary Bilingual Center,ES,False,True,True,True,41.901417,-87.633632,278,199,42,120,178,365,234,32,169,294,NEAR NORTH SIDE,158,196,87,35,49,38,116,31.294964028776977,17.587939698492463,40.833333333333336,24.050632911392405,65.1685393258427
460,400107,LEARN - SOUTH CHICAGO,L.E.A.R.N. - South Chicago Campus,ES,False,True,True,False,41.733333,-87.54558,412,326,36,35,40,408,320,40,31,33,SOUTH CHICAGO,377,377,-4,-6,-4,0,-7,-0.970873786407767,-1.8404907975460123,-11.428571428571429,0.0,-17.5
461,610234,YATES,Richard Yates Elementary School,ES,False,True,True,True,41.915039,-87.70028,284,233,88,97,198,315,210,90,117,235,LOGAN SQUARE,187,198,31,-23,20,11,37,10.915492957746478,-9.871244635193133,20.61855670103093,5.882352941176471,18.68686868686869
462,610533,PRIETO,Dr Jorge Prieto Math and Science,ES,False,True,True,True,41.921318,-87.765781,743,625,120,419,710,750,610,113,425,717,BELMONT CRAGIN,324,325,7,-15,6,1,7,0.9421265141318977,-2.4,1.431980906921241,0.30864197530864196,0.9859154929577465
463,610195,SUTHERLAND,Elizabeth H Sutherland Elementary School,ES,False,True,True,False,41.711445,-87.676821,567,175,75,4,66,631,215,96,2,67,BEVERLY,563,629,64,40,-2,66,1,11.28747795414462,22.857142857142858,-50.0,11.72291296625222,1.5151515151515151
464,610094,NETTELHORST,Louis Nettelhorst Elementary School,ES,False,True,True,True,41.941637,-87.644561,624,98,50,93,90,647,107,53,114,94,LAKE VIEW,531,533,23,9,21,2,4,3.6858974358974357,9.183673469387756,22.580645161290324,0.3766478342749529,4.444444444444445
465,609900,CURTIS,George W Curtis Elementary School,ES,False,True,True,True,41.685418,-87.621653,376,295,42,5,19,316,272,41,4,15,ROSELAND,371,312,-60,-23,-1,-59,-4,-15.957446808510639,-7.796610169491525,-20.0,-15.902964959568733,-21.05263157894737
466,400030,CICS - WEST BELDEN,CICS - West Belden,ES,False,True,True,False,41.921687,-87.776749,543,439,64,263,494,519,427,62,253,474,BELMONT CRAGIN,280,266,-24,-12,-10,-14,-20,-4.419889502762431,-2.733485193621868,-3.802281368821293,-5.0,-4.048582995951417
467,609851,CHALMERS,Thomas Chalmers Specialty Elementary School,ES,False,True,True,True,41.866435,-87.695259,205,174,37,5,9,226,193,43,5,13,NORTH LAWNDALE,200,221,21,19,0,21,4,10.24390243902439,10.919540229885058,0.0,10.5,44.44444444444444
468,400054,NOBLE - PRITZKER HS,Noble - Pritzker College Prep,HS,True,False,False,False,41.915214,-87.730127,968,872,125,286,906,992,885,132,370,924,HERMOSA,682,622,24,13,84,-60,18,2.479338842975207,1.4908256880733946,29.37062937062937,-8.79765395894428,1.9867549668874172
469,609809,BRENTANO,Lorenz Brentano Math & Science Academy ES,ES,False,True,True,True,41.930966,-87.696294,683,256,67,84,343,732,263,85,72,345,LOGAN SQUARE,599,660,49,7,-12,61,2,7.174231332357247,2.734375,-14.285714285714286,10.18363939899833,0.5830903790087464
470,610544,AZUELA,Mariano Azuela Elementary School,ES,False,True,True,False,41.771079,-87.73992,706,525,98,285,686,697,498,106,309,680,WEST LAWN,421,388,-9,-27,24,-33,-6,-1.274787535410765,-5.142857142857143,8.421052631578947,-7.838479809976247,-0.8746355685131195
471,610252,DETT,Robert Nathaniel Dett Elementary School,ES,False,True,True,True,41.87987,-87.680315,252,191,85,5,17,285,219,103,6,24,NEAR WEST SIDE,247,279,33,28,1,32,7,13.095238095238095,14.659685863874346,20.0,12.955465587044534,41.1764705882353
472,609728,ROOSEVELT HS,Theodore Roosevelt High School,HS,True,False,False,False,41.964828,-87.714819,1072,856,208,553,809,1074,852,181,642,840,ALBANY PARK,519,432,2,-4,89,-87,31,0.1865671641791045,-0.4672897196261682,16.09403254972875,-16.76300578034682,3.831891223733004
473,610242,BRENNEMANN,Joseph Brennemann Elementary School,ES,False,True,True,True,41.959984,-87.649749,447,307,99,183,118,469,325,104,216,164,UPTOWN,264,253,22,18,33,-11,46,4.921700223713646,5.863192182410423,18.0327868852459,-4.166666666666667,38.983050847457626
474,610368,HUGHES L,Langston Hughes Elementary School,ES,False,True,True,True,41.705342,-87.629869,469,324,134,11,27,426,320,129,13,25,ROSELAND,458,413,-43,-4,2,-45,-2,-9.168443496801705,-1.2345679012345678,18.181818181818183,-9.825327510917031,-7.407407407407407
475,400077,U OF C - WOODLAWN HS,University of Chicago - Woodlawn,HS,True,True,True,False,41.77813,-87.598114,567,431,80,6,6,599,447,86,5,9,WOODLAWN,561,594,32,16,-1,33,3,5.64373897707231,3.7122969837587005,-16.666666666666668,5.882352941176471,50.0
476,610016,KELLOGG,Kate S Kellogg Elementary School,ES,False,True,True,False,41.725263,-87.677233,280,92,44,1,8,289,112,45,2,11,BEVERLY,279,287,9,20,1,8,3,3.2142857142857144,21.73913043478261,100.0,2.867383512544803,37.5
477,609789,BARRY,John Barry Elementary School,ES,False,False,True,True,41.932511,-87.739388,439,331,70,287,410,476,341,89,299,443,HERMOSA,152,177,37,10,12,25,33,8.428246013667426,3.0211480362537766,4.181184668989547,16.44736842105263,8.048780487804878
478,610209,VOLTA,Alessandro Volta Elementary School,ES,False,True,True,True,41.971634,-87.724605,702,487,67,519,458,744,512,63,579,478,ALBANY PARK,183,165,42,25,60,-18,20,5.982905982905983,5.13347022587269,11.560693641618498,-9.836065573770492,4.366812227074236
479,400052,NOBLE - COMER,Noble - Gary Comer College Prep,HS,True,True,True,False,41.764083,-87.601974,1020,770,149,14,23,1034,881,160,9,17,GREATER GRAND CROSSING,1006,1025,14,111,-5,19,-6,1.3725490196078431,14.415584415584416,-35.714285714285715,1.8886679920477136,-26.08695652173913
480,400168,GREAT LAKES,Great Lakes Academy Charter School,ES,False,True,True,False,41.742671,-87.559907,514,393,57,32,49,536,414,65,27,38,SOUTH CHICAGO,482,509,22,21,-5,27,-11,4.280155642023346,5.343511450381679,-15.625,5.601659751037344,-22.448979591836736
481,610083,BEARD,Daniel C Beard Elementary School,ES,False,False,True,True,41.970125,-87.78963,316,80,154,127,143,348,78,158,138,154,NORWOOD PARK,189,210,32,-2,11,21,11,10.126582278481013,-2.5,8.661417322834646,11.11111111111111,7.6923076923076925
482,609852,CHAPPELL,Eliza Chappell Elementary School,ES,False,True,True,True,41.975894,-87.683264,541,181,85,80,218,566,183,97,81,207,LINCOLN SQUARE,461,485,25,2,1,24,-11,4.621072088724584,1.1049723756906078,1.25,5.206073752711497,-5.045871559633028
483,400056,NOBLE - ROWE CLARK HS,Noble - Rowe-Clark Math and Science Academy,HS,True,False,False,False,41.895362,-87.718047,375,330,83,28,53,340,290,74,27,45,HUMBOLDT PARK,347,313,-35,-40,-1,-34,-8,-9.333333333333334,-12.121212121212121,-3.5714285714285716,-9.798270893371757,-15.09433962264151
484,609783,JEFFERSON HS,Nancy B Jefferson Alternative HS,HS,True,True,True,False,41.867832,-87.680418,164,110,71,8,27,173,111,58,8,35,NEAR WEST SIDE,156,165,9,1,0,9,8,5.487804878048781,0.9090909090909091,0.0,5.769230769230769,29.62962962962963
485,610158,SAYRE,Harriet E Sayre Elementary Language Academy,ES,False,True,True,True,41.914151,-87.798721,427,244,54,69,212,400,213,55,80,200,AUSTIN,358,320,-27,-31,11,-38,-12,-6.323185011709602,-12.704918032786885,15.942028985507246,-10.614525139664805,-5.660377358490566
486,609995,HITCH,Rufus M Hitch Elementary School,ES,False,True,True,True,41.983672,-87.779123,496,235,85,97,243,502,201,88,102,251,NORWOOD PARK,399,400,6,-34,5,1,8,1.2096774193548387,-14.46808510638298,5.154639175257732,0.2506265664160401,3.292181069958848
487,400071,PROVIDENCE ENGLEWOOD,Providence Englewood Charter School,ES,False,True,True,False,41.775367,-87.663996,423,322,39,4,12,455,345,34,6,20,WEST ENGLEWOOD,419,449,32,23,2,30,8,7.5650118203309695,7.142857142857143,50.0,7.159904534606206,66.66666666666667
488,609930,FUNSTON,Frederick Funston Elementary School,ES,False,True,True,True,41.917617,-87.716892,410,354,95,204,369,423,331,112,222,386,LOGAN SQUARE,206,201,13,-23,18,-5,17,3.1707317073170733,-6.497175141242938,8.823529411764707,-2.4271844660194173,4.607046070460704
489,610557,PATHWAYS - ASHBURN HS,Pathways in Education- Ashburn,HS,True,False,False,False,41.735239,-87.70406,291,197,43,39,173,257,217,50,40,159,ASHBURN,252,217,-34,20,1,-35,-14,-11.683848797250858,10.152284263959391,2.5641025641025643,-13.88888888888889,-8.092485549132949
490,610563,BACK OF THE YARDS HS,Back of the Yards IB HS,HS,True,False,False,False,41.808413,-87.677541,1005,920,94,297,961,1000,925,89,361,959,NEW CITY,708,639,-5,5,64,-69,-2,-0.4975124378109453,0.5434782608695652,21.54882154882155,-9.745762711864407,-0.2081165452653486
491,610152,RUGGLES,Martha Ruggles Elementary School,ES,False,True,True,True,41.751946,-87.618066,321,243,38,0,9,314,263,38,0,8,GREATER GRAND CROSSING,321,314,-7,20,0,-7,-1,-2.1806853582554515,8.23045267489712,,-2.1806853582554515,-11.11111111111111
492,610082,MOUNT GREENWOOD,Mount Greenwood Elementary School,ES,False,True,True,True,41.695734,-87.70581,1158,170,159,11,175,1153,131,167,13,179,MOUNT GREENWOOD,1147,1140,-5,-39,2,-7,4,-0.4317789291882556,-22.941176470588236,18.181818181818183,-0.6102877070619006,2.2857142857142856
493,610096,NIGHTINGALE,Florence Nightingale Elementary School,ES,False,True,True,True,41.797714,-87.689139,978,811,154,407,952,954,766,167,407,930,GAGE PARK,571,547,-24,-45,0,-24,-22,-2.4539877300613497,-5.548705302096177,0.0,-4.203152364273205,-2.310924369747899
494,609990,SOUTH LOOP,South Loop Elementary School,ES,False,True,True,True,41.859741,-87.628349,799,198,78,58,97,830,175,95,51,124,NEAR SOUTH SIDE,741,779,31,-23,-7,38,27,3.8798498122653315,-11.616161616161616,-12.068965517241379,5.128205128205129,27.835051546391753
495,610573,SAFE ACHIEVE HS,Safe Achieve Academy HS,HS,True,False,False,False,41.753115,-87.551804,48,42,15,0,5,32,30,2,1,9,SOUTH SHORE,48,31,-16,-12,1,-17,4,-33.333333333333336,-28.571428571428573,inf,-35.416666666666664,80.0
496,610381,BRONZEVILLE HS,Bronzeville Scholastic Academy High School,HS,True,False,False,False,41.805204,-87.625004,71,65,20,1,3,103,95,28,1,6,GRAND BOULEVARD,70,102,32,30,0,32,3,45.070422535211264,46.15384615384615,0.0,45.714285714285715,100.0
497,400141,YCCS - TRUMAN,YCCS-Truman Middle College HS,HS,True,False,False,False,41.965295,-87.659239,172,125,23,37,91,168,103,23,34,92,UPTOWN,135,134,-4,-22,-3,-1,1,-2.3255813953488373,-17.6,-8.108108108108109,-0.7407407407407407,1.098901098901099
498,400021,CATALYST - CIRCLE ROCK,Catalyst Elementary Charter School - Circle Rock,ES,False,True,True,False,41.882322,-87.765322,510,424,68,1,8,504,429,67,1,7,AUSTIN,509,503,-6,5,0,-6,-1,-1.1764705882352942,1.179245283018868,0.0,-1.1787819253438114,-12.5
499,400059,NLCP - COLLINS HS,North Lawndale College Prep - Collins,HS,True,False,False,False,41.864146,-87.700681,418,396,76,2,8,352,334,63,1,8,NORTH LAWNDALE,416,351,-66,-62,-1,-65,0,-15.789473684210526,-15.656565656565656,-50.0,-15.625,0.0
500,610304,PHOENIX MILITARY HS,Phoenix Military Academy High School,HS,True,False,False,False,41.879118,-87.68696,455,402,27,66,374,404,368,32,84,332,NEAR WEST SIDE,389,320,-51,-34,18,-69,-42,-11.208791208791208,-8.457711442786069,27.272727272727273,-17.737789203084834,-11.229946524064172
501,609996,HOLDEN,Charles N Holden Elementary School,ES,False,True,True,True,41.838027,-87.653792,401,286,49,101,215,421,261,46,112,234,BRIDGEPORT,300,309,20,-25,11,9,19,4.987531172069826,-8.741258741258742,10.891089108910892,3.0,8.837209302325581
502,610040,LLOYD,Henry D Lloyd Elementary School,ES,False,False,True,True,41.918814,-87.748515,842,626,122,503,806,808,607,109,461,780,BELMONT CRAGIN,339,347,-34,-19,-42,8,-26,-4.038004750593824,-3.0351437699680512,-8.34990059642147,2.359882005899705,-3.225806451612903
503,400157,NOBLE - BAKER HS,Noble - Baker College Prep,HS,True,False,False,False,41.734622,-87.556201,266,206,57,29,42,237,198,59,31,44,SOUTH CHICAGO,237,206,-29,-8,2,-31,2,-10.902255639097744,-3.883495145631068,6.896551724137931,-13.080168776371307,4.761904761904762
504,610225,WHISTLER,John Whistler Elementary School,ES,False,True,True,True,41.683907,-87.655384,273,189,55,1,3,251,204,62,1,3,WEST PULLMAN,272,250,-22,15,0,-22,0,-8.058608058608058,7.936507936507937,0.0,-8.088235294117647,0.0
505,400076,U OF C - NKO,University of Chicago - North Kenwood/Oakland,ES,False,False,True,True,41.811183,-87.598786,319,192,22,3,4,325,189,30,3,7,KENWOOD,316,322,6,-3,0,6,3,1.8808777429467085,-1.5625,0.0,1.8987341772151898,75.0
506,610386,PEACE AND EDUCATION HS,Peace & Education Coalition HS,HS,True,False,False,False,41.803515,-87.667378,147,128,29,41,99,135,104,21,54,102,NEW CITY,106,81,-12,-24,13,-25,3,-8.16326530612245,-18.75,31.70731707317073,-23.58490566037736,3.0303030303030303
507,609769,GRAHAM HS,Ray Graham Training Center High School,HS,True,False,False,False,41.849675,-87.625315,238,219,238,100,128,255,226,255,100,136,NEAR SOUTH SIDE,138,155,17,7,0,17,8,7.142857142857143,3.1963470319634704,0.0,12.318840579710145,6.25
508,610244,CLARK HS,Michele Clark Academic Prep Magnet High School,HS,True,False,False,False,41.872885,-87.753325,450,439,103,7,9,391,325,85,7,8,AUSTIN,443,384,-59,-114,0,-59,-1,-13.11111111111111,-25.968109339407746,0.0,-13.318284424379232,-11.11111111111111
509,400163,KIPP - BLOOM,KIPP Chicago Charter School - KIPP Bloom,ES,False,True,True,False,41.793556,-87.639967,842,708,99,6,22,919,758,117,10,22,ENGLEWOOD,836,909,77,50,4,73,0,9.144893111638956,7.062146892655368,66.66666666666667,8.732057416267942,0.0
510,610200,THORP J,James N Thorp Elementary School,ES,False,True,True,True,41.733324,-87.54428,274,230,83,36,52,315,258,101,44,59,SOUTH CHICAGO,238,271,41,28,8,33,7,14.963503649635037,12.173913043478262,22.22222222222222,13.865546218487395,13.461538461538462
511,609793,NICHOLSON,Lillian R. Nicholson STEM Academy,ES,False,True,True,True,41.784942,-87.647453,451,359,45,9,21,439,338,54,23,36,ENGLEWOOD,442,416,-12,-21,14,-26,15,-2.6607538802660753,-5.8495821727019495,155.55555555555554,-5.882352941176471,71.42857142857143
512,609815,BOUCHET,Edward A Bouchet Math & Science Academy ES,ES,False,True,True,True,41.760847,-87.576075,597,462,81,5,16,639,505,97,12,23,SOUTH SHORE,592,627,42,43,7,35,7,7.035175879396985,9.307359307359308,140.0,5.912162162162162,43.75
513,609884,DEVER,William E Dever Elementary School,ES,False,True,True,True,41.942552,-87.813132,754,382,87,270,450,747,352,92,270,447,DUNNING,484,477,-7,-30,0,-7,-3,-0.9283819628647215,-7.853403141361256,0.0,-1.4462809917355373,-0.6666666666666666
514,610588,RICHARDSON,Robert J. Richardson Middle School,MS,False,True,True,False,41.783826,-87.725422,921,841,118,322,903,840,774,113,315,822,WEST LAWN,599,525,-81,-67,-7,-74,-81,-8.794788273615636,-7.966706302021403,-2.1739130434782608,-12.353923205342237,-8.970099667774086
515,609919,FISKE,John Fiske Elementary School,ES,False,True,True,True,41.785183,-87.608633,344,245,43,8,17,378,255,53,6,10,WOODLAWN,336,372,34,10,-2,36,-7,9.883720930232558,4.081632653061225,-25.0,10.714285714285714,-41.1764705882353
516,400162,INTRINSIC HS,Intrinsic Charter School,HS,True,True,False,False,41.938988,-87.741129,975,840,181,247,904,941,812,165,289,880,IRVING PARK,728,652,-34,-28,42,-76,-24,-3.4871794871794872,-3.3333333333333335,17.004048582995953,-10.43956043956044,-2.6548672566371683
517,609944,GRISSOM,Virgil Grissom Elementary School,ES,False,True,True,True,41.662481,-87.553307,302,210,40,80,232,290,201,34,70,228,HEGEWISCH,222,220,-12,-9,-10,-2,-4,-3.9735099337748343,-4.285714285714286,-12.5,-0.9009009009009009,-1.7241379310344827
518,400133,YCCS - INNOVATIONS,YCCS- Innovations HS of Arts Integration,HS,True,False,False,False,41.883047,-87.627734,455,393,89,8,23,426,357,97,10,40,LOOP,447,416,-29,-36,2,-31,17,-6.373626373626373,-9.16030534351145,25.0,-6.935123042505593,73.91304347826087
519,609691,NORTH-GRAND HS,North-Grand High School,HS,True,False,False,False,41.911674,-87.735238,1066,950,180,333,848,1045,927,179,371,825,HUMBOLDT PARK,733,674,-21,-23,38,-59,-23,-1.9699812382739212,-2.4210526315789473,11.411411411411411,-8.049113233287859,-2.7122641509433962
520,609891,DOOLITTLE,James R Doolittle Jr Elementary School,ES,False,True,True,True,41.831121,-87.612275,257,207,45,0,0,261,214,57,2,2,DOUGLAS,257,259,4,7,2,2,2,1.556420233463035,3.3816425120772946,inf,0.7782101167315175,inf
521,609739,WASHINGTON HS,George Washington High School,HS,True,False,False,False,41.688137,-87.53757,1490,1247,268,334,1314,1481,1223,265,388,1302,EAST SIDE,1156,1093,-9,-24,54,-63,-12,-0.6040268456375839,-1.9246190858059342,16.167664670658684,-5.449826989619377,-0.91324200913242
522,610561,CRANE MEDICAL HS,Richard T Crane Medical Preparatory HS,HS,True,False,False,False,41.876947,-87.683301,306,276,33,5,39,266,240,27,4,27,NEAR WEST SIDE,301,262,-40,-36,-1,-39,-12,-13.071895424836601,-13.043478260869565,-20.0,-12.956810631229235,-30.76923076923077
523,609796,BEAUBIEN,Jean Baptiste Beaubien Elementary School,ES,False,True,True,True,41.972394,-87.757565,970,362,148,179,338,1019,352,153,195,379,JEFFERSON PARK,791,824,49,-10,16,33,41,5.051546391752577,-2.7624309392265194,8.938547486033519,4.171934260429835,12.1301775147929
524,610215,MADERO,Francisco I Madero Middle School,MS,False,True,True,False,41.840957,-87.705064,254,237,47,99,253,247,214,48,92,244,SOUTH LAWNDALE,155,155,-7,-23,-7,0,-9,-2.7559055118110236,-9.70464135021097,-7.070707070707071,0.0,-3.5573122529644268
525,610271,JENSEN,Jensen Elementary Scholastic Academy,ES,False,True,True,True,41.873815,-87.702241,265,228,34,2,2,255,215,35,3,3,EAST GARFIELD PARK,263,252,-10,-13,1,-11,1,-3.7735849056603774,-5.701754385964913,50.0,-4.182509505703422,50.0
526,400064,PERSPECTIVES - JOSLIN HS,Perspectives - Rodney D. Joslin,HS,True,True,True,False,41.855999,-87.628531,365,302,78,3,9,327,267,69,4,8,NEAR SOUTH SIDE,362,323,-38,-35,1,-39,-1,-10.41095890410959,-11.589403973509933,33.333333333333336,-10.773480662983426,-11.11111111111111
527,609988,HENRY,Patrick Henry Elementary School,ES,False,True,True,True,41.958989,-87.715632,455,359,71,242,375,429,314,62,209,369,IRVING PARK,213,220,-26,-45,-33,7,-6,-5.714285714285714,-12.534818941504179,-13.636363636363637,3.2863849765258215,-1.6
528,400135,YCCS - LATINO YOUTH,YCCS-Latino Youth Alternative HS,HS,True,False,False,False,41.854665,-87.69543,120,93,20,35,111,155,113,31,50,144,SOUTH LAWNDALE,85,105,35,20,15,20,33,29.166666666666668,21.50537634408602,42.857142857142854,23.529411764705884,29.72972972972973
529,400009,GLOBAL CITIZENSHIP,Academy for Global Citizenship Charter School,ES,False,True,True,False,41.807579,-87.740097,461,276,64,166,430,474,278,75,164,436,GARFIELD RIDGE,295,310,13,2,-2,15,6,2.819956616052061,0.7246376811594203,-1.2048192771084338,5.084745762711864,1.3953488372093024
530,610091,BROWN R,Ronald Brown Elementary Community Academy,ES,False,True,True,True,41.664873,-87.638958,295,218,62,0,1,285,224,57,0,1,WEST PULLMAN,295,285,-10,6,0,-10,0,-3.389830508474576,2.7522935779816513,,-3.389830508474576,0.0
531,609864,COOK,John W Cook Elementary School,ES,False,True,True,True,41.745237,-87.659775,309,241,36,8,20,276,196,30,7,15,AUBURN GRESHAM,301,269,-33,-45,-1,-32,-5,-10.679611650485437,-18.672199170124482,-12.5,-10.631229235880399,-25.0
532,610041,LOCKE J,Josephine C Locke Elementary School,ES,False,True,True,True,41.931762,-87.795604,1148,868,193,469,959,1126,820,209,462,939,MONTCLARE,679,664,-22,-48,-7,-15,-20,-1.916376306620209,-5.529953917050691,-1.492537313432836,-2.2091310751104567,-2.0855057351407718
533,609954,GREGORY,John Milton Gregory Elementary School,ES,False,True,True,True,41.870742,-87.718666,281,229,35,4,11,233,195,34,4,7,EAST GARFIELD PARK,277,229,-48,-34,0,-48,-4,-17.081850533807827,-14.847161572052402,0.0,-17.32851985559567,-36.36363636363637
534,610532,HERNANDEZ,Irene C. Hernandez Middle School for the Advancement of Science,MS,False,True,True,False,41.793479,-87.71137,866,776,104,301,839,750,669,92,291,730,GAGE PARK,565,459,-116,-107,-10,-106,-109,-13.394919168591224,-13.788659793814434,-3.3222591362126246,-18.761061946902654,-12.991656734207389
535,610218,WARREN,Joseph Warren Elementary School,ES,False,True,True,True,41.726763,-87.575353,250,201,41,5,2,277,219,40,3,1,CALUMET HEIGHTS,245,274,27,18,-2,29,-1,10.8,8.955223880597014,-40.0,11.83673469387755,-50.0
536,610116,PARKSIDE,Parkside Elementary Community Academy,ES,False,True,True,True,41.768555,-87.582954,246,204,31,0,7,243,189,36,0,6,SOUTH SHORE,246,243,-3,-15,0,-3,-1,-1.2195121951219512,-7.352941176470588,,-1.2195121951219512,-14.285714285714286
537,400164,INSTITUTO - JUSTICE HS,Instituto - Justice and Leadership,HS,True,False,False,False,41.845957,-87.685903,81,63,11,26,78,42,33,5,13,39,LOWER WEST SIDE,55,29,-39,-30,-13,-26,-39,-48.148148148148145,-47.61904761904762,-50.0,-47.27272727272727,-50.0
538,609895,TURNER-DREW,Turner-Drew Elementary Language Academy,ES,False,True,True,False,41.725609,-87.630164,200,151,34,0,4,193,144,39,0,3,ROSELAND,200,193,-7,-7,0,-7,-1,-3.5,-4.635761589403973,,-3.5,-25.0
539,610104,ONAHAN,William J Onahan Elementary School,ES,False,True,True,True,41.99379,-87.793108,659,180,115,56,194,645,182,116,61,201,NORWOOD PARK,603,584,-14,2,5,-19,7,-2.12443095599393,1.1111111111111112,8.928571428571429,-3.1509121061359866,3.6082474226804124
540,609850,GREELEY,Horace Greeley Elementary School,ES,False,True,True,True,41.95281,-87.65098,314,234,29,95,200,428,197,27,198,292,LAKE VIEW,219,230,114,-37,103,11,92,36.30573248407644,-15.811965811965813,108.42105263157895,5.0228310502283104,46.0
541,610076,MOOS,Bernhard Moos Elementary School,ES,False,True,True,True,41.912505,-87.696941,431,292,57,162,318,454,296,60,182,316,WEST TOWN,269,272,23,4,20,3,-2,5.336426914153132,1.36986301369863,12.345679012345679,1.1152416356877324,-0.6289308176100629
542,609950,ORTIZ DE DOMINGUEZ,Josefa Ortiz De Dominguez Elementary School,ES,False,False,True,True,41.838791,-87.71719,393,276,107,286,387,396,266,104,268,393,SOUTH LAWNDALE,107,128,3,-10,-18,21,6,0.7633587786259542,-3.6231884057971016,-6.293706293706293,19.626168224299064,1.550387596899225
543,610011,JAMIESON,Minnie Mars Jamieson Elementary School,ES,False,True,True,True,41.984641,-87.700529,794,471,111,295,255,802,451,116,331,287,WEST RIDGE,499,471,8,-20,36,-28,32,1.0075566750629723,-4.246284501061571,12.203389830508474,-5.61122244488978,12.549019607843137
544,400081,ACERO - DE LAS CASAS,Acero Charter Schools - Bartolomé de las Casas,ES,False,True,True,False,41.859504,-87.667949,242,196,47,145,237,218,176,44,133,212,LOWER WEST SIDE,97,85,-24,-20,-12,-12,-25,-9.917355371900827,-10.204081632653061,-8.275862068965518,-12.371134020618557,-10.548523206751055
545,400062,PERSPECTIVES - TECH HS,Perspectives - High School of Technology,HS,True,False,False,False,41.745949,-87.650657,347,295,51,2,5,404,343,58,4,9,CHATHAM,345,400,57,48,2,55,4,16.42651296829971,16.271186440677965,100.0,15.942028985507246,80.0
546,400024,CICS - BASIL,CICS - Basil,ES,False,True,True,False,41.794043,-87.670243,488,412,68,59,108,481,417,66,53,101,NEW CITY,429,428,-7,5,-6,-1,-7,-1.4344262295081966,1.2135922330097086,-10.169491525423728,-0.2331002331002331,-6.481481481481482
547,610137,PRUSSING,Ernst Prussing Elementary School,ES,False,True,True,False,41.965619,-87.772414,619,388,81,210,285,659,411,90,225,323,PORTAGE PARK,409,434,40,23,15,25,38,6.462035541195476,5.927835051546392,7.142857142857143,6.112469437652812,13.333333333333334
548,610392,WORLD LANGUAGE HS,World Language Academy High School,HS,True,False,False,False,41.834397,-87.735292,342,310,79,162,334,327,282,82,159,316,SOUTH LAWNDALE,180,168,-15,-28,-3,-12,-18,-4.385964912280702,-9.03225806451613,-1.8518518518518519,-6.666666666666667,-5.389221556886228
549,400079,ACERO - ZIZUMBO,Acero Charter Schools - SPC Daniel Zizumbo,ES,False,True,True,False,41.810135,-87.730495,553,448,57,306,536,533,411,57,287,514,ARCHER HEIGHTS,247,246,-20,-37,-19,-1,-22,-3.616636528028933,-8.258928571428571,-6.209150326797386,-0.4048582995951417,-4.104477611940299
550,610594,PATHWAYS - HUMBOLDT PARK HS,Pathways in Education - Humboldt Park,HS,True,False,False,False,41.902841,-87.687946,142,124,28,17,81,153,121,31,24,98,WEST TOWN,125,129,11,-3,7,4,17,7.746478873239437,-2.4193548387096775,41.1764705882353,3.2,20.987654320987655
551,610139,PULLMAN,George M Pullman Elementary School,ES,False,True,True,True,41.688819,-87.609431,302,234,35,30,59,311,190,33,32,60,PULLMAN,272,279,9,-44,2,7,1,2.980132450331126,-18.803418803418804,6.666666666666667,2.573529411764706,1.694915254237288
552,610110,WELLS ES,Ida B Wells Preparatory Elementary Academy,ES,False,True,True,True,41.827355,-87.61978,286,207,28,2,5,328,224,35,3,12,DOUGLAS,284,325,42,17,1,41,7,14.685314685314685,8.21256038647343,50.0,14.43661971830986,140.0
553,609762,JULIAN HS,Percy L Julian High School,HS,True,False,False,False,41.705859,-87.653749,426,357,118,1,9,466,368,125,3,11,WASHINGTON HEIGHTS,425,463,40,11,2,38,2,9.389671361502348,3.081232492997199,200.0,8.941176470588236,22.22222222222222
554,610239,DALEY,Richard J Daley Elementary Academy,ES,False,True,True,True,41.802343,-87.672206,479,405,54,280,430,499,432,62,283,439,NEW CITY,199,216,20,27,3,17,9,4.175365344467641,6.666666666666667,1.0714285714285714,8.542713567839195,2.0930232558139537
555,610053,MARQUETTE,Marquette Elementary School,ES,False,True,True,True,41.773881,-87.69703,1018,811,153,436,684,1006,807,164,410,669,CHICAGO LAWN,582,596,-12,-4,-26,14,-15,-1.1787819253438114,-0.4932182490752158,-5.963302752293578,2.4054982817869415,-2.192982456140351
556,610146,REVERE,Paul Revere Elementary School,ES,False,True,True,True,41.764196,-87.600177,205,160,18,0,4,189,129,25,0,3,GREATER GRAND CROSSING,205,189,-16,-31,0,-16,-1,-7.804878048780488,-19.375,,-7.804878048780488,-25.0
557,400057,NOBLE - UIC HS,Noble - UIC College Prep,HS,True,False,False,False,41.865817,-87.676111,876,705,144,124,507,935,806,125,135,476,NEAR WEST SIDE,752,800,59,101,11,48,-31,6.735159817351598,14.326241134751774,8.870967741935484,6.382978723404255,-6.11439842209073
558,610570,OMBUDSMAN - SOUTH HS,Ombudsman Chicago - South,HS,True,False,False,False,41.783027,-87.683635,262,215,42,50,144,205,170,33,32,98,CHICAGO LAWN,212,173,-57,-45,-18,-39,-46,-21.755725190839694,-20.930232558139537,-36.0,-18.39622641509434,-31.944444444444443
559,610056,MASON,Roswell B Mason Elementary School,ES,False,True,True,True,41.856864,-87.731672,219,186,43,1,6,243,204,59,2,12,NORTH LAWNDALE,218,241,24,18,1,23,6,10.95890410958904,9.67741935483871,100.0,10.55045871559633,100.0
560,610198,TAYLOR,Douglas Taylor Elementary School,ES,False,True,True,True,41.71547,-87.532971,342,276,81,153,277,325,254,74,146,260,EAST SIDE,189,179,-17,-22,-7,-10,-17,-4.970760233918129,-7.971014492753623,-4.57516339869281,-5.291005291005291,-6.137184115523466
561,609885,DEWEY,Dewey Elementary Academy of Fine Arts,ES,False,True,True,True,41.795646,-87.642652,240,202,27,18,26,258,202,35,17,24,NEW CITY,222,241,18,0,-1,19,-2,7.5,0.0,-5.555555555555555,8.558558558558559,-7.6923076923076925
562,609853,CHASE,Salmon P Chase Elementary School,ES,False,True,True,True,41.917993,-87.694562,379,245,109,158,258,390,197,112,160,255,LOGAN SQUARE,221,230,11,-48,2,9,-3,2.9023746701846966,-19.591836734693878,1.2658227848101267,4.072398190045249,-1.1627906976744187
563,609798,BELDING,Hiram H Belding Elementary School,ES,False,True,True,True,41.958938,-87.73402,547,253,74,110,198,550,234,89,103,196,IRVING PARK,437,447,3,-19,-7,10,-2,0.5484460694698354,-7.509881422924901,-6.363636363636363,2.288329519450801,-1.0101010101010102
564,400046,LEARN - BUTLER,L.E.A.R.N. - Romano Butler Campus,ES,False,True,True,False,41.867273,-87.710679,512,428,36,0,9,488,419,44,0,9,NORTH LAWNDALE,512,488,-24,-9,0,-24,0,-4.6875,-2.102803738317757,,-4.6875,0.0
565,610121,IRVING,Washington Irving Elementary School,ES,False,True,True,True,41.871595,-87.683616,292,204,47,18,34,269,203,51,13,29,NEAR WEST SIDE,274,256,-23,-1,-5,-18,-5,-7.876712328767123,-0.49019607843137253,-27.77777777777778,-6.569343065693431,-14.705882352941176
566,400153,ACERO - BRIGHTON PARK,Acero Charter Schools - Brighton Park,ES,False,True,True,False,41.813109,-87.693238,543,453,64,316,537,464,384,62,264,460,BRIGHTON PARK,227,200,-79,-69,-52,-27,-77,-14.548802946593002,-15.2317880794702,-16.455696202531644,-11.894273127753303,-14.338919925512105
567,609866,COONLEY,John C Coonley Elementary School,ES,False,True,True,False,41.955553,-87.683765,794,71,85,25,129,772,86,111,32,129,NORTH CENTER,769,740,-22,15,7,-29,0,-2.770780856423174,21.12676056338028,28.0,-3.7711313394018204,0.0
568,400179,NOBLE - MANSUETO HS,Noble Mansueto High School,HS,True,False,False,False,41.800136,-87.728003,1043,903,152,339,1022,1068,958,135,414,1044,BRIGHTON PARK,704,654,25,55,75,-50,22,2.3969319271332696,6.0908084163898115,22.123893805309734,-7.1022727272727275,2.152641878669276
569,609772,ADDAMS,Jane Addams Elementary School,ES,False,True,True,True,41.698739,-87.532976,559,403,62,240,520,529,368,71,249,496,EAST SIDE,319,280,-30,-35,9,-39,-24,-5.366726296958855,-8.6848635235732,3.75,-12.225705329153605,-4.615384615384615
570,609773,TUBMAN,Harriet Tubman Elementary School,ES,False,True,True,True,41.934126,-87.656229,297,93,52,21,81,279,81,58,14,83,LAKE VIEW,276,265,-18,-12,-7,-11,2,-6.0606060606060606,-12.903225806451612,-33.333333333333336,-3.9855072463768115,2.4691358024691357
571,609848,ALDRIDGE,Ira F Aldridge Elementary School,ES,False,True,True,True,41.657405,-87.606474,231,196,37,2,8,232,178,32,2,36,RIVERDALE,229,230,1,-18,0,1,28,0.4329004329004329,-9.183673469387756,0.0,0.4366812227074236,350.0
572,400136,YCCS - OLIVE HARVEY,YCCS-Olive Harvey Middle College HS,HS,True,False,False,False,41.712922,-87.592333,83,59,9,5,17,126,88,14,6,22,PULLMAN,78,120,43,29,1,42,5,51.80722891566265,49.152542372881356,20.0,53.84615384615385,29.41176470588235
573,609966,HAMMOND,Charles G Hammond Elementary School,ES,False,True,True,True,41.852719,-87.696243,231,192,43,87,194,222,191,46,88,193,SOUTH LAWNDALE,144,134,-9,-1,1,-10,-1,-3.896103896103896,-0.5208333333333334,1.1494252873563218,-6.944444444444445,-0.5154639175257731
574,609732,STEINMETZ HS,Charles P Steinmetz College Preparatory HS,HS,True,False,False,False,41.935634,-87.783515,1131,888,201,379,860,1150,938,190,446,870,BELMONT CRAGIN,752,704,19,50,67,-48,10,1.6799292661361627,5.63063063063063,17.678100263852244,-6.382978723404255,1.1627906976744187
575,609925,KELLMAN,Joseph Kellman Corporate Community ES,ES,False,True,True,True,41.870168,-87.702163,206,177,18,1,3,191,163,23,1,3,EAST GARFIELD PARK,205,190,-15,-14,0,-15,0,-7.281553398058253,-7.909604519774011,0.0,-7.317073170731708,0.0
576,609902,METCALFE,Ralph H Metcalfe Elementary Community Academy,ES,False,True,True,True,41.669444,-87.634306,328,241,41,3,10,303,252,41,3,13,WEST PULLMAN,325,300,-25,11,0,-25,3,-7.621951219512195,4.564315352697095,0.0,-7.6923076923076925,30.0
577,610136,PRESCOTT,William H Prescott Elementary School,ES,False,True,True,False,41.928841,-87.669528,395,113,56,29,120,415,116,64,30,123,LINCOLN PARK,366,385,20,3,1,19,3,5.063291139240507,2.6548672566371683,3.4482758620689653,5.191256830601093,2.5
578,609901,EDGEBROOK,Edgebrook Elementary School,ES,False,True,True,True,41.999437,-87.76184,455,58,60,42,89,500,44,61,37,108,FOREST GLEN,413,463,45,-14,-5,50,19,9.89010989010989,-24.137931034482758,-11.904761904761905,12.106537530266344,21.348314606741575
579,400139,YCCS - SULLIVAN,YCCS-Sullivan House Alternative HS,HS,True,False,False,False,41.746287,-87.578492,306,275,49,2,21,320,262,61,3,29,AVALON PARK,304,317,14,-13,1,13,8,4.57516339869281,-4.7272727272727275,50.0,4.276315789473684,38.095238095238095
580,610237,BEETHOVEN,Ludwig Van Beethoven Elementary School,ES,False,True,True,True,41.809135,-87.627137,266,190,53,2,6,325,227,56,14,46,GRAND BOULEVARD,264,311,59,37,12,47,40,22.18045112781955,19.473684210526315,600.0,17.803030303030305,666.6666666666666
581,610313,DE DIEGO,Jose De Diego Elementary Community Academy,ES,False,True,True,True,41.905294,-87.685756,423,337,91,59,283,524,320,116,111,384,WEST TOWN,364,413,101,-17,52,49,101,23.87706855791962,-5.044510385756676,88.13559322033899,13.461538461538462,35.68904593639576
582,609967,FINKL,William F Finkl Elementary School,ES,False,True,True,True,41.849215,-87.685668,212,185,59,95,165,212,160,66,83,169,LOWER WEST SIDE,117,129,0,-25,-12,12,4,0.0,-13.513513513513514,-12.631578947368421,10.256410256410257,2.4242424242424243
583,609859,CLINTON,DeWitt Clinton Elementary School,ES,False,True,True,True,41.992541,-87.69836,1011,755,87,638,273,1033,751,82,693,281,WEST RIDGE,373,340,22,-4,55,-33,8,2.1760633036597428,-0.5298013245033113,8.620689655172415,-8.847184986595174,2.93040293040293
584,610251,CATHER,Willa Cather Elementary School,ES,False,True,True,True,41.88295,-87.699187,330,278,95,5,15,323,269,101,4,13,EAST GARFIELD PARK,325,319,-7,-9,-1,-6,-2,-2.121212121212121,-3.237410071942446,-20.0,-1.8461538461538463,-13.333333333333334
585,610108,OTOOLE,Luke O'Toole Elementary School,ES,False,True,True,True,41.774571,-87.674865,324,266,38,48,73,271,226,26,54,71,WEST ENGLEWOOD,276,217,-53,-40,6,-59,-2,-16.358024691358025,-15.037593984962406,12.5,-21.3768115942029,-2.73972602739726
586,609969,HARTE,Bret Harte Elementary School,ES,False,True,True,True,41.793447,-87.586855,327,198,42,18,17,344,206,53,21,37,HYDE PARK,309,323,17,8,3,14,20,5.198776758409786,4.040404040404041,16.666666666666668,4.53074433656958,117.6470588235294
587,609790,BARTON,Clara Barton Elementary School,ES,False,True,True,True,41.754194,-87.670927,402,294,81,12,38,392,320,84,23,50,AUBURN GRESHAM,390,369,-10,26,11,-21,12,-2.487562189054726,8.843537414965986,91.66666666666667,-5.384615384615385,31.57894736842105
588,610126,PERSHING,John J Pershing Elementary Humanities Magnet,ES,False,True,True,True,41.836527,-87.618338,418,298,59,24,11,398,280,60,21,10,DOUGLAS,394,377,-20,-18,-3,-17,-1,-4.784688995215311,-6.040268456375839,-12.5,-4.314720812182741,-9.090909090909092
589,609887,DIXON,Arthur Dixon Elementary School,ES,False,True,True,True,41.743669,-87.609979,467,333,46,5,11,464,336,47,2,8,CHATHAM,462,462,-3,3,-3,0,-3,-0.6423982869379015,0.9009009009009009,-60.0,0.0,-27.272727272727273
590,610354,NORTH RIVER,North River Elementary School,ES,False,True,True,True,41.961721,-87.707151,250,150,57,173,208,294,158,58,207,237,ALBANY PARK,77,87,44,8,34,10,29,17.6,5.333333333333333,19.653179190751445,12.987012987012987,13.942307692307692
591,400055,NOBLE - RAUNER HS,Noble - Rauner College Prep,HS,True,False,False,False,41.892425,-87.660859,651,479,103,118,485,599,446,83,130,426,WEST TOWN,533,469,-52,-33,12,-64,-59,-7.987711213517665,-6.8893528183716075,10.169491525423728,-12.007504690431519,-12.164948453608247
592,610391,LINDBLOM HS,Robert Lindblom Math & Science Academy HS,HS,True,True,False,False,41.782041,-87.671662,1390,727,78,28,364,1340,686,85,31,364,WEST ENGLEWOOD,1362,1309,-50,-41,3,-53,0,-3.597122302158273,-5.639614855570839,10.714285714285714,-3.891336270190896,0.0
593,610305,LELAND,George Leland Elementary School,ES,False,True,True,True,41.873587,-87.749276,382,317,67,5,16,292,219,57,1,17,AUSTIN,377,291,-90,-98,-4,-86,1,-23.56020942408377,-30.914826498422713,-80.0,-22.811671087533156,6.25
594,610144,REILLY,Frank W Reilly Elementary School,ES,False,True,True,True,41.941094,-87.719541,555,442,80,289,519,524,355,80,275,488,AVONDALE,266,249,-31,-87,-14,-17,-31,-5.585585585585585,-19.683257918552037,-4.844290657439446,-6.390977443609023,-5.973025048169557
595,400050,NAMASTE,Namaste Charter School,ES,False,True,True,False,41.8257,-87.667724,409,302,92,220,364,362,235,88,185,325,MCKINLEY PARK,189,177,-47,-67,-35,-12,-39,-11.491442542787286,-22.185430463576157,-15.909090909090908,-6.349206349206349,-10.714285714285714
596,610089,MURPHY,John B Murphy Elementary School,ES,False,True,True,True,41.950078,-87.716832,493,241,89,161,289,489,226,94,173,289,IRVING PARK,332,316,-4,-15,12,-16,0,-0.8113590263691683,-6.224066390041494,7.453416149068323,-4.819277108433735,0.0
597,610353,CALMECA,Calmeca Academy of Fine Arts and Dual Language,ES,False,True,True,True,41.824377,-87.711654,619,469,106,405,603,623,480,139,409,602,BRIGHTON PARK,214,214,4,11,4,0,-1,0.6462035541195477,2.345415778251599,0.9876543209876543,0.0,-0.16583747927031509
598,609761,CORLISS HS,George H Corliss High School,HS,True,False,False,False,41.70666,-87.601216,288,251,88,5,12,273,222,73,8,17,PULLMAN,283,265,-15,-29,3,-18,5,-5.208333333333333,-11.55378486055777,60.0,-6.360424028268551,41.666666666666664
599,610030,KOZMINSKI,Charles Kozminski Elementary Community Academy,ES,False,True,True,True,41.798002,-87.602481,260,163,43,30,17,254,166,48,29,19,HYDE PARK,230,225,-6,3,-1,-5,2,-2.3076923076923075,1.8404907975460123,-3.3333333333333335,-2.1739130434782608,11.764705882352942
600,610383,SOCIAL JUSTICE HS,Greater Lawndale High School For Social Justice,HS,True,False,False,False,41.833507,-87.735299,287,258,48,103,249,294,263,44,109,235,SOUTH LAWNDALE,184,185,7,5,6,1,-14,2.4390243902439024,1.937984496124031,5.825242718446602,0.5434782608695652,-5.622489959839357
601,609991,HERZL,Theodore Herzl Elementary School,ES,False,True,True,True,41.862081,-87.718994,437,347,87,1,19,419,339,84,1,17,NORTH LAWNDALE,436,418,-18,-8,0,-18,-2,-4.118993135011442,-2.3054755043227666,0.0,-4.128440366972477,-10.526315789473685
602,610231,NATIONAL TEACHERS,National Teachers Elementary Academy,ES,False,True,True,True,41.8528,-87.629308,755,436,62,25,45,759,401,69,16,40,NEAR SOUTH SIDE,730,743,4,-35,-9,13,-5,0.5298013245033113,-8.027522935779816,-36.0,1.7808219178082192,-11.11111111111111
603,609741,HUBBARD HS,Gurdon S Hubbard High School,HS,True,False,False,False,41.780526,-87.718014,1711,1515,229,456,1612,1666,1504,224,509,1569,WEST LAWN,1255,1157,-45,-11,53,-98,-43,-2.630040911747516,-0.7260726072607261,11.62280701754386,-7.808764940239044,-2.667493796526055
604,609845,CARVER G,George Washington Carver Primary School,ES,False,True,True,True,41.653702,-87.599516,476,406,49,0,6,461,379,32,0,4,RIVERDALE,476,461,-15,-27,0,-15,-2,-3.1512605042016806,-6.650246305418719,,-3.1512605042016806,-33.333333333333336
605,610293,MELODY,Genevieve Melody Elementary School,ES,False,True,True,True,41.878799,-87.724661,273,226,45,0,9,315,244,55,6,28,WEST GARFIELD PARK,273,309,42,18,6,36,19,15.384615384615385,7.964601769911504,inf,13.186813186813186,211.11111111111111
606,610206,TWAIN,Mark Twain Elementary School,ES,False,True,True,True,41.799046,-87.758928,920,622,123,188,814,866,615,131,194,783,GARFIELD RIDGE,732,672,-54,-7,6,-60,-31,-5.869565217391305,-1.1254019292604502,3.1914893617021276,-8.19672131147541,-3.808353808353808
607,610384,INFINITY HS,Infinity Math Science and Technology High School,HS,True,False,False,False,41.836169,-87.735278,405,376,50,115,385,420,393,59,126,395,SOUTH LAWNDALE,290,294,15,17,11,4,10,3.7037037037037037,4.5212765957446805,9.565217391304348,1.3793103448275863,2.5974025974025974
608,609903,EDWARDS,Richard Edwards Elementary School,ES,False,True,True,True,41.805542,-87.725856,1252,880,203,718,1191,1214,879,196,681,1155,ARCHER HEIGHTS,534,533,-38,-1,-37,-1,-36,-3.0351437699680512,-0.11363636363636363,-5.153203342618385,-0.18726591760299627,-3.022670025188917
609,609695,AMUNDSEN HS,Roald Amundsen High School,HS,True,False,False,False,41.975067,-87.679484,1488,609,244,146,642,1501,631,241,180,593,LINCOLN SQUARE,1342,1321,13,22,34,-21,-49,0.8736559139784946,3.61247947454844,23.28767123287671,-1.5648286140089418,-7.632398753894081
610,610366,WACKER,Charles H Wacker Elementary School,ES,False,True,True,True,41.716193,-87.648044,223,151,30,2,4,220,154,37,2,5,WASHINGTON HEIGHTS,221,218,-3,3,0,-3,1,-1.345291479820628,1.9867549668874172,0.0,-1.3574660633484164,25.0
611,610229,PRITZKER,A.N. Pritzker School,ES,False,True,True,True,41.907053,-87.677761,653,181,51,40,177,654,146,67,35,158,WEST TOWN,613,619,1,-35,-5,6,-19,0.15313935681470137,-19.337016574585636,-12.5,0.9787928221859706,-10.734463276836157
612,400114,ACERO - SANTIAGO,Acero Charter Schools - Esmeralda Santiago,ES,False,True,True,False,41.900344,-87.689896,220,188,39,106,202,220,174,39,111,194,WEST TOWN,114,109,0,-14,5,-5,-8,0.0,-7.446808510638298,4.716981132075472,-4.385964912280702,-3.9603960396039604
613,609959,HAINES,John Charles Haines Elementary School,ES,False,True,True,True,41.849958,-87.633806,527,398,22,166,18,480,358,28,167,20,ARMOUR SQUARE,361,313,-47,-40,1,-48,2,-8.918406072106261,-10.050251256281408,0.6024096385542169,-13.296398891966758,11.11111111111111
614,609842,CARSON,Rachel Carson Elementary School,ES,False,True,True,True,41.793272,-87.6878,808,657,67,537,778,748,600,66,518,720,GAGE PARK,271,230,-60,-57,-19,-41,-58,-7.425742574257426,-8.67579908675799,-3.538175046554935,-15.129151291512915,-7.455012853470437
615,610019,KERSHAW,Joshua D Kershaw Elementary School,ES,False,True,True,True,41.776453,-87.640892,211,178,57,5,7,210,163,52,3,5,ENGLEWOOD,206,207,-1,-15,-2,1,-2,-0.47393364928909953,-8.426966292134832,-40.0,0.4854368932038835,-28.571428571428573
616,610059,MAYER,Oscar Mayer Magnet School,ES,False,True,True,True,41.923204,-87.657287,666,60,53,11,67,701,50,63,12,66,LINCOLN PARK,655,689,35,-10,1,34,-1,5.255255255255255,-16.666666666666668,9.090909090909092,5.190839694656488,-1.492537313432836
617,400048,LEARN - EXCEL,L.E.A.R.N. - Excel Campus,ES,False,False,True,False,41.874687,-87.686568,366,282,27,3,12,401,300,38,3,12,EAST GARFIELD PARK,363,398,35,18,0,35,0,9.562841530054644,6.382978723404255,0.0,9.641873278236915,0.0
618,400022,CHIARTS HS,Chicago High School for the Arts (ChiArts),HS,True,False,False,False,41.899377,-87.694945,598,311,56,24,233,601,325,64,37,243,WEST TOWN,574,564,3,14,13,-10,10,0.5016722408026756,4.501607717041801,54.166666666666664,-1.7421602787456445,4.291845493562231
619,609724,MATHER HS,Stephen T Mather High School,HS,True,False,False,False,41.987589,-87.702496,1610,1270,262,584,774,1679,1260,279,699,850,WEST RIDGE,1026,980,69,-10,115,-46,76,4.285714285714286,-0.7874015748031497,19.69178082191781,-4.483430799220273,9.819121447028424
620,610159,SCAMMON,Jonathan Y Scammon Elementary School,ES,False,True,True,True,41.941678,-87.732179,641,502,80,300,565,629,518,74,297,550,IRVING PARK,341,332,-12,16,-3,-9,-15,-1.8720748829953198,3.187250996015936,-1.0,-2.6392961876832843,-2.6548672566371683
621,400112,ACERO - IDAR,Acero Charter Schools - Jovita Idar,ES,False,True,True,False,41.801042,-87.708797,530,440,60,333,523,525,403,63,337,518,GAGE PARK,197,188,-5,-37,4,-9,-5,-0.9433962264150944,-8.409090909090908,1.2012012012012012,-4.568527918781726,-0.9560229445506692
622,610220,WATERS,Thomas J Waters Elementary School,ES,False,True,True,True,41.964165,-87.691433,619,132,56,65,154,655,119,70,71,149,LINCOLN SQUARE,554,584,36,-13,6,30,-5,5.815831987075929,-9.848484848484848,9.23076923076923,5.415162454873646,-3.2467532467532467
623,610066,MCDADE,James E McDade Elementary Classical School,ES,False,True,True,False,41.73455,-87.619214,209,71,5,1,2,219,85,5,1,5,CHATHAM,208,218,10,14,0,10,3,4.784688995215311,19.718309859154928,0.0,4.8076923076923075,150.0
624,609754,CHICAGO MILITARY HS,Chicago Military Academy High School,HS,True,False,False,False,41.830555,-87.619216,227,200,29,30,76,213,174,28,29,73,DOUGLAS,197,184,-14,-26,-1,-13,-3,-6.167400881057269,-13.0,-3.3333333333333335,-6.598984771573604,-3.9473684210526314
625,609726,BROOKS HS,Gwendolyn Brooks College Preparatory Academy HS,HS,True,True,False,False,41.692763,-87.616353,965,619,71,2,177,971,575,78,5,182,ROSELAND,963,966,6,-44,3,3,5,0.6217616580310881,-7.1082390953150245,150.0,0.3115264797507788,2.824858757062147
626,400147,CHICAGO EXCEL HS,Chicago Excel Academy HS,HS,True,False,False,False,41.691953,-87.654248,208,155,20,1,5,223,157,24,1,7,MORGAN PARK,207,222,15,2,0,15,2,7.211538461538462,1.2903225806451613,0.0,7.246376811594203,40.0
627,400039,ERIE,Erie Elementary Charter School,ES,False,True,True,False,41.906771,-87.694364,378,302,57,172,303,393,299,55,180,315,WEST TOWN,206,213,15,-3,8,7,12,3.9682539682539684,-0.9933774834437086,4.651162790697675,3.3980582524271843,3.9603960396039604
628,609985,HEFFERAN,Helen M Hefferan Elementary School,ES,False,True,True,True,41.878665,-87.735802,239,189,37,1,9,177,140,31,3,11,WEST GARFIELD PARK,238,174,-62,-49,2,-64,2,-25.94142259414226,-25.925925925925927,200.0,-26.89075630252101,22.22222222222222
629,609871,VICK,Barbara Vick Early Childhood & Family Center,ES,False,False,False,True,41.688191,-87.685677,344,59,150,73,149,413,93,183,70,153,MORGAN PARK,271,343,69,34,-3,72,4,20.058139534883722,57.6271186440678,-4.109589041095891,26.568265682656826,2.684563758389262
630,610090,MURRAY,Phillip Murray Elementary Language Academy,ES,False,True,True,False,41.798535,-87.59334,445,258,56,4,13,465,268,62,3,19,HYDE PARK,441,462,20,10,-1,21,6,4.49438202247191,3.875968992248062,-25.0,4.761904761904762,46.15384615384615
631,609820,BURLEY,Augustus H Burley Elementary School,ES,False,True,True,False,41.937937,-87.669853,492,67,67,11,83,496,50,72,7,78,LAKE VIEW,481,489,4,-17,-4,8,-5,0.8130081300813008,-25.37313432835821,-36.36363636363637,1.6632016632016633,-6.024096385542169
632,400066,PERSPECTIVES - MATH & SCI HS,Perspectives - Math and Science Academy,HS,True,True,True,False,41.827784,-87.624788,407,336,48,5,5,337,288,37,0,5,DOUGLAS,402,337,-70,-48,-5,-65,0,-17.1990171990172,-14.285714285714286,-100.0,-16.16915422885572,0.0
633,609813,BROWNELL,Charles S Brownell Elementary School,ES,False,False,True,True,41.77162,-87.621746,136,104,11,1,1,128,95,11,1,1,GREATER GRAND CROSSING,135,127,-8,-9,0,-8,0,-5.882352941176471,-8.653846153846153,0.0,-5.925925925925926,0.0
634,609735,TILDEN HS,Edward Tilden Career Community Academy HS,HS,True,False,False,False,41.80751,-87.642966,211,173,62,50,95,221,169,70,66,98,NEW CITY,161,155,10,-4,16,-6,3,4.739336492890995,-2.3121387283236996,32.0,-3.7267080745341614,3.1578947368421053
635,609942,GOETHE,Johann W von Goethe Elementary School,ES,False,True,True,True,41.922831,-87.6929,713,374,104,177,465,723,314,109,193,464,LOGAN SQUARE,536,530,10,-60,16,-6,-1,1.402524544179523,-16.0427807486631,9.03954802259887,-1.1194029850746268,-0.21505376344086022
636,400175,EXCEL SOUTH SHORE HS,Excel Academy of South Shore,HS,True,False,False,False,41.759749,-87.556487,189,149,30,5,38,156,106,24,4,20,SOUTH SHORE,184,152,-33,-43,-1,-32,-18,-17.46031746031746,-28.859060402684563,-20.0,-17.391304347826086,-47.36842105263158
637,610317,BRIGHTON PARK,Brighton Park Elementary School,ES,False,True,True,True,41.8239,-87.692077,281,231,47,159,261,283,226,43,161,266,BRIGHTON PARK,122,122,2,-5,2,0,5,0.7117437722419929,-2.1645021645021645,1.2578616352201257,0.0,1.9157088122605364
638,609799,BELL,Alexander Graham Bell Elementary School,ES,False,True,True,True,41.94953,-87.686018,878,114,82,52,158,848,112,93,56,147,NORTH CENTER,826,792,-30,-2,4,-34,-11,-3.416856492027335,-1.7543859649122806,7.6923076923076925,-4.116222760290557,-6.962025316455696
639,609727,PHILLIPS HS,Wendell Phillips Academy High School,HS,True,False,False,False,41.82388,-87.619796,441,340,92,2,7,381,329,77,3,11,DOUGLAS,439,378,-60,-11,1,-61,4,-13.605442176870747,-3.235294117647059,50.0,-13.895216400911162,57.142857142857146
640,610520,LASALLE II,LaSalle II Magnet Elementary School,ES,False,True,True,True,41.902914,-87.673696,581,169,80,64,245,581,180,85,63,245,WEST TOWN,517,518,0,11,-1,1,0,0.0,6.508875739644971,-1.5625,0.19342359767891681,0.0
641,609821,BURNHAM,Burnham Elementary Inclusive Academy,ES,False,True,True,True,41.714402,-87.567131,423,346,68,9,15,414,335,69,8,15,SOUTH DEERING,414,406,-9,-11,-1,-8,0,-2.127659574468085,-3.179190751445087,-11.11111111111111,-1.932367149758454,0.0
642,610248,CHICAGO ACADEMY ES,Chicago Academy Elementary School,ES,False,True,True,True,41.943056,-87.778187,565,386,95,199,416,557,315,97,192,416,DUNNING,366,365,-8,-71,-7,-1,0,-1.415929203539823,-18.39378238341969,-3.5175879396984926,-0.273224043715847,0.0
643,610499,COLLINS HS,Collins Academy High School,HS,True,False,False,False,41.864149,-87.702042,214,204,52,0,9,216,208,50,0,8,NORTH LAWNDALE,214,216,2,4,0,2,-1,0.9345794392523364,1.9607843137254901,,0.9345794392523364,-11.11111111111111
644,400097,NOBLE - BULLS HS,Noble - Chicago Bulls College Prep,HS,True,False,False,False,41.878809,-87.678195,1157,1019,214,173,680,1155,993,209,157,553,NEAR WEST SIDE,984,998,-2,-26,-16,14,-127,-0.17286084701815038,-2.551521099116781,-9.248554913294798,1.4227642276422765,-18.676470588235293
